#{"t_start": 1680175658.0623527, "env_id": null}
r,l,t
-413916,3000,10.056856
-366516,3000,19.306179
-367756,3000,28.777525
-344764,3000,38.931093
-387768,3000,50.380505
-352612,3000,63.502955
-355900,3000,75.970005
-354740,3000,88.478958
-365640,3000,101.334094
-362672,3000,113.83809
-385856,3000,126.829277
-381712,3000,138.87678
-369764,3000,151.309464
-360560,3000,163.653493
-325660,3000,176.223961
-367848,3000,189.773007
-373832,3000,203.447234
-355704,3000,216.091647
-399928,3000,228.322119
-384612,3000,240.632905
-388876,3000,253.981469
-384700,3000,266.976925
-374524,3000,280.124721
-357652,3000,292.029913
-360700,3000,305.116612
-360664,3000,317.527944
-332688,3000,329.781291
-371884,3000,342.257663
-362668,3000,355.198193
-335552,3000,367.844825
-397656,3000,380.805243
-408828,3000,393.656614
-356880,3000,406.817931
-354508,3000,418.913261
-353632,3000,431.658266
-365600,3000,444.238165
-371588,3000,456.997276
-389644,3000,470.524018
-365728,3000,483.25544
-365640,3000,497.093373
-399680,3000,510.90303
-361408,3000,524.864836
-373912,3000,539.038517
-376532,3000,551.493906
-368460,3000,563.738342
-377680,3000,576.253262
-349752,3000,589.911421
-377388,3000,602.866226
-389656,3000,617.7313
-388020,3000,632.268457
-354440,3000,646.176105
-371372,3000,660.103793
-368940,3000,675.078165
-351676,3000,689.797225
-401536,3000,703.462663
-375824,3000,717.718638
-343460,3000,730.418303
-371848,3000,743.075425
-359456,3000,755.32907
-372688,3000,768.971684
-354744,3000,783.252802
-350796,3000,796.280516
-403956,3000,809.296499
-343580,3000,822.785329
-366756,3000,835.960473
-355680,3000,850.030026
-354360,3000,875.277719
-341476,3000,890.488089
-337680,3000,904.665101
-371780,3000,917.78152
-352644,3000,930.725631
-379556,3000,943.894318
-366628,3000,956.858316
-370604,3000,969.249867
-375724,3000,982.037084
-360748,3000,994.577839
-374864,3000,1007.421597
-312640,3000,1019.141287
-335776,3000,1031.134526
-407732,3000,1044.136231
-348676,3000,1056.383956
-338668,3000,1069.374454
-381504,3000,1081.752882
-344432,3000,1094.466326
-338484,3000,1106.73837
-335768,3000,1119.019704
-350564,3000,1131.264852
-377988,3000,1144.125108
-333368,3000,1156.448285
-380572,3000,1169.708558
-341480,3000,1182.535785
-322624,3000,1195.226113
-357316,3000,1207.864027
-359584,3000,1220.999683
-347724,3000,1233.348464
-357576,3000,1245.797501
-377616,3000,1258.559124
-334388,3000,1270.67241
-347364,3000,1283.116933
-348828,3000,1295.615151
-329632,3000,1307.958009
-346568,3000,1319.963977
-369684,3000,1332.709998
-357348,3000,1344.838189
-377708,3000,1357.06109
-352440,3000,1370.323974
-311424,3000,1382.673315
-355652,3000,1395.401438
-325688,3000,1408.654566
-342548,3000,1420.688699
-394800,3000,1433.262812
-348664,3000,1445.662165
-354572,3000,1457.695752
-357384,3000,1469.940743
-327644,3000,1482.180245
-358376,3000,1495.162164
-353516,3000,1507.975886
-354396,3000,1520.669262
-334372,3000,1532.900204
-363412,3000,1545.559112
-372636,3000,1558.01056
-341608,3000,1570.796827
-378528,3000,1582.663972
-336772,3000,1595.137395
-379640,3000,1608.115074
-332416,3000,1620.915336
-354436,3000,1633.115982
-369576,3000,1645.480639
-346596,3000,1657.597742
-360488,3000,1670.212752
-355684,3000,1682.828322
-359540,3000,1695.070688
-351328,3000,1707.735865
-338424,3000,1729.195398
-365440,3000,1741.761476
-342648,3000,1753.978825
-352616,3000,1766.594069
-371684,3000,1779.120305
-351684,3000,1791.807539
-372508,3000,1803.996365
-326648,3000,1816.338597
-336508,3000,1829.223307
-343536,3000,1841.560249
-340664,3000,1853.329898
-339568,3000,1866.0518
-372416,3000,1878.365188
-339424,3000,1890.7614
-329720,3000,1903.0448
-354688,3000,1915.261266
-334520,3000,1927.726792
-344560,3000,1939.958295
-330464,3000,1952.028098
-307416,3000,1964.067394
-356284,3000,1976.316079
-337364,3000,1988.463237
-330524,3000,2000.457198
-358576,3000,2012.313135
-337764,3000,2024.58546
-337476,3000,2037.634078
-358428,3000,2049.415042
-315328,3000,2061.978929
-343672,3000,2073.865587
-367408,3000,2086.073218
-327368,3000,2098.902772
-296044,3000,2111.899467
-337640,3000,2124.595629
-372664,3000,2137.116505
-356620,3000,2149.578041
-315324,3000,2161.619896
-336396,3000,2174.076448
-361624,3000,2186.107605
-345352,3000,2198.391719
-349360,3000,2210.469398
-329500,3000,2223.325891
-351448,3000,2235.819412
-353460,3000,2248.465801
-308436,3000,2259.952982
-330580,3000,2272.411067
-371368,3000,2285.234642
-348628,3000,2297.600104
-341588,3000,2309.623303
-355412,3000,2322.089745
-328464,3000,2334.559273
-302392,3000,2347.180304
-352616,3000,2359.57235
-358532,3000,2372.043224
-339328,3000,2384.464728
-335392,3000,2396.687805
-337364,3000,2409.006315
-340352,3000,2421.001368
-317328,3000,2433.245369
-329520,3000,2446.065426
-355440,3000,2458.079615
-319324,3000,2470.890761
-328456,3000,2483.118759
-301316,3000,2494.769552
-325120,3000,2506.983737
-312384,3000,2518.978063
-321580,3000,2530.8586
-359388,3000,2543.234213
-322584,3000,2564.524658
-335624,3000,2576.398845
-310264,3000,2588.400609
-310384,3000,2600.018363
-353824,3000,2612.04503
-306376,3000,2623.820086
-299348,3000,2636.174912
-336532,3000,2648.131103
-340296,3000,2659.812575
-304448,3000,2672.178923
-353308,3000,2684.86025
-324372,3000,2696.992697
-335552,3000,2709.126715
-307316,3000,2720.967981
-305280,3000,2732.984222
-322072,3000,2744.868223
-343532,3000,2756.718894
-317124,3000,2768.744663
-328296,3000,2781.51163
-337464,3000,2794.016245
-338376,3000,2806.217202
-330168,3000,2817.845436
-352452,3000,2830.402335
-303156,3000,2842.313338
-336516,3000,2854.195025
-293332,3000,2866.414603
-327456,3000,2878.932778
-326384,3000,2890.897774
-304332,3000,2903.135836
-338624,3000,2915.356999
-351524,3000,2927.026028
-319652,3000,2939.002007
-324360,3000,2950.988681
-312480,3000,2963.956367
-340564,3000,2976.5841
-333612,3000,2989.250167
-326504,3000,3000.834754
-317188,3000,3012.504101
-320200,3000,3024.720464
-326444,3000,3036.579708
-330352,3000,3048.896847
-326416,3000,3060.794846
-339524,3000,3073.00931
-307376,3000,3084.64003
-328224,3000,3096.704659
-342380,3000,3108.745342
-313352,3000,3121.765497
-306164,3000,3134.603084
-325472,3000,3146.88897
-297356,3000,3159.381485
-302432,3000,3171.585661
-310544,3000,3183.483474
-344572,3000,3196.054306
-326328,3000,3207.862705
-290132,3000,3220.199314
-314324,3000,3232.552414
-296120,3000,3244.730398
-298164,3000,3256.88472
-319448,3000,3268.624024
-290216,3000,3280.58649
-318316,3000,3292.775185
-294612,3000,3304.883624
-333460,3000,3316.346879
-334404,3000,3328.701946
-313140,3000,3340.603746
-332188,3000,3352.272234
-311148,3000,3373.240237
-313596,3000,3384.855928
-318208,3000,3396.207675
-305364,3000,3407.504026
-320224,3000,3419.895952
-273256,3000,3431.501443
-323284,3000,3443.402215
-324260,3000,3455.344317
-337284,3000,3467.844918
-302520,3000,3479.643265
-285184,3000,3492.053386
-291000,3000,3503.258172
-328620,3000,3515.134113
-309132,3000,3526.686215
-329432,3000,3538.874157
-344528,3000,3551.068151
-303468,3000,3563.124456
-315276,3000,3575.004599
-313232,3000,3587.282991
-342228,3000,3598.990055
-302120,3000,3611.006126
-319408,3000,3622.817966
-293864,3000,3634.698802
-314204,3000,3645.892805
-290212,3000,3657.056201
-294548,3000,3668.553817
-312516,3000,3680.528987
-301308,3000,3692.807604
-319380,3000,3705.427099
-323208,3000,3717.467325
-305148,3000,3730.271971
-320128,3000,3742.303406
-294196,3000,3753.995891
-306616,3000,3766.341987
-325268,3000,3777.953748
-308444,3000,3789.56154
-348360,3000,3801.784432
-312128,3000,3813.697817
-303256,3000,3825.925122
-268928,3000,3838.033436
-289428,3000,3849.82055
-331320,3000,3861.684187
-310196,3000,3873.895781
-318276,3000,3885.641647
-288132,3000,3897.674609
-352552,3000,3909.748748
-307132,3000,3922.053149
-336300,3000,3933.667433
-315020,3000,3946.382495
-317332,3000,3958.580632
-289220,3000,3970.754279
-299112,3000,3983.048975
-324212,3000,3995.551358
-279124,3000,4007.524968
-285264,3000,4019.178626
-319380,3000,4031.199331
-323220,3000,4042.890736
-265020,3000,4054.758506
-301384,3000,4067.043287
-300316,3000,4079.219874
-334284,3000,4091.191156
-303224,3000,4102.97646
-297504,3000,4114.695572
-288044,3000,4126.617607
-303356,3000,4138.636163
-293244,3000,4150.323248
-296044,3000,4162.29146
-307488,3000,4183.512643
-284212,3000,4195.447332
-320268,3000,4207.195997
-309176,3000,4219.107628
-290292,3000,4230.888577
-314092,3000,4242.610392
-299632,3000,4254.614119
-300376,3000,4266.440171
-289164,3000,4278.59365
-302016,3000,4290.441652
-317784,3000,4302.629634
-317348,3000,4314.011976
-312076,3000,4326.465268
-283364,3000,4338.569818
-295412,3000,4350.608002
-289276,3000,4362.075923
-318372,3000,4373.702971
-337164,3000,4385.867272
-292320,3000,4397.382156
-298244,3000,4409.481243
-330196,3000,4421.704479
-301084,3000,4434.288408
-288064,3000,4446.067344
-291236,3000,4457.966305
-330284,3000,4470.098529
-274040,3000,4482.096854
-282184,3000,4494.335596
-297068,3000,4506.189631
-317408,3000,4518.355363
-284568,3000,4529.938588
-310228,3000,4542.540588
-303444,3000,4554.320919
-304360,3000,4567.345169
-305344,3000,4579.978362
-288160,3000,4591.957043
-301140,3000,4604.206433
-329236,3000,4616.336083
-280232,3000,4629.674179
-298480,3000,4641.44609
-289252,3000,4654.150337
-323072,3000,4666.392351
-311116,3000,4678.133085
-281216,3000,4689.697433
-301028,3000,4701.819454
-277864,3000,4713.469741
-266068,3000,4724.401986
-306116,3000,4736.524911
-293944,3000,4748.429888
-295412,3000,4759.899824
-322540,3000,4772.498744
-306088,3000,4784.403957
-286172,3000,4796.246104
-317116,3000,4807.939472
-293240,3000,4820.476474
-306212,3000,4832.226707
-291976,3000,4843.675876
-267048,3000,4855.611112
-269028,3000,4867.007749
-291940,3000,4878.399605
-309320,3000,4890.106744
-285236,3000,4901.708782
-305260,3000,4913.562661
-260624,3000,4925.729077
-323100,3000,4937.849727
-274248,3000,4950.030819
-303248,3000,4961.924239
-278092,3000,4973.944584
-307228,3000,4994.721618
-280944,3000,5005.954833
-282132,3000,5017.993585
-296244,3000,5030.403689
-284192,3000,5042.330245
-246044,3000,5053.492321
-298200,3000,5065.426232
-309116,3000,5077.602659
-268968,3000,5089.635468
-283164,3000,5101.40983
-250284,3000,5113.434347
-272984,3000,5125.861752
-294088,3000,5137.217071
-260792,3000,5149.111888
-264152,3000,5161.218053
-301300,3000,5174.191192
-265004,3000,5186.714554
-277112,3000,5198.236004
-287288,3000,5210.298403
-293204,3000,5222.307765
-296336,3000,5234.291455
-272088,3000,5245.577964
-284196,3000,5257.102684
-268900,3000,5268.48057
-287916,3000,5280.292868
-293044,3000,5292.683138
-287124,3000,5304.473438
-279356,3000,5315.97818
-311944,3000,5327.894997
-265300,3000,5339.031881
-293168,3000,5350.480193
-280220,3000,5362.230182
-285964,3000,5374.294689
-272052,3000,5385.647457
-271072,3000,5397.560873
-285124,3000,5409.249788
-260996,3000,5420.530743
-280072,3000,5431.964501
-245820,3000,5443.803608
-300064,3000,5456.17324
-273316,3000,5468.406541
-278944,3000,5479.956484
-264028,3000,5491.256166
-277972,3000,5502.904718
-290184,3000,5514.454081
-270068,3000,5526.056431
-298388,3000,5537.116119
-281108,3000,5548.659866
-285068,3000,5560.736882
-282200,3000,5572.902796
-271968,3000,5584.301832
-248784,3000,5595.877421
-279200,3000,5606.957625
-268232,3000,5618.323004
-274092,3000,5629.375563
-273208,3000,5641.2456
-291156,3000,5653.364296
-263104,3000,5665.097675
-286212,3000,5676.568285
-234844,3000,5687.528155
-277076,3000,5698.934432
-280000,3000,5710.761851
-282972,3000,5722.455291
-250000,3000,5733.587284
-295120,3000,5745.459834
-264012,3000,5757.494336
-275892,3000,5777.619344
-272576,3000,5788.968074
-242884,3000,5800.333981
-299104,3000,5812.053571
-296120,3000,5823.642189
-284980,3000,5835.346456
-261912,3000,5846.490268
-269040,3000,5857.845136
-268760,3000,5869.59037
-246888,3000,5881.397789
-275924,3000,5893.766726
-278196,3000,5905.861772
-269936,3000,5918.436004
-289160,3000,5930.020715
-298168,3000,5942.069358
-288996,3000,5954.270519
-278192,3000,5965.899381
-253900,3000,5977.876453
-264148,3000,5989.765588
-274192,3000,6001.234937
-286004,3000,6013.098958
-287980,3000,6025.054653
-275820,3000,6036.701857
-222916,3000,6047.586121
-274116,3000,6058.9604
-277924,3000,6070.534138
-287228,3000,6082.115113
-283920,3000,6093.975592
-260860,3000,6106.222001
-294312,3000,6118.32636
-277096,3000,6130.280973
-263152,3000,6142.457611
-260256,3000,6153.927605
-272992,3000,6166.18155
-243160,3000,6178.432489
-288764,3000,6190.463977
-280172,3000,6203.042976
-286812,3000,6214.591797
-274988,3000,6227.025799
-287940,3000,6238.747691
-266896,3000,6250.846074
-273908,3000,6263.12467
-280992,3000,6275.618237
-269152,3000,6288.309252
-253860,3000,6299.685932
-292216,3000,6311.259184
-257024,3000,6323.871119
-261724,3000,6336.938098
-310160,3000,6348.163553
-259872,3000,6360.123137
-250012,3000,6371.934684
-258152,3000,6383.856437
-230800,3000,6394.924955
-251044,3000,6405.861096
-291888,3000,6417.790759
-265164,3000,6429.660964
-265024,3000,6441.436851
-242780,3000,6453.42188
-281916,3000,6465.976696
-254892,3000,6477.513057
-256168,3000,6488.412601
-265000,3000,6499.998203
-279328,3000,6513.086729
-235908,3000,6524.268853
-286112,3000,6536.396746
-266952,3000,6547.906566
-237920,3000,6559.276489
-269004,3000,6579.367739
-266784,3000,6590.903526
-234132,3000,6602.076503
-251848,3000,6613.707465
-249812,3000,6625.42625
-240788,3000,6636.565485
-270884,3000,6647.949747
-249900,3000,6659.193713
-260100,3000,6671.247138
-240816,3000,6682.780766
-246792,3000,6694.17709
-265092,3000,6706.276036
-266016,3000,6718.463095
-266148,3000,6730.341947
-260200,3000,6741.71748
-232896,3000,6752.817719
-234800,3000,6764.514827
-265940,3000,6775.542692
-241840,3000,6786.897286
-248808,3000,6798.603666
-244820,3000,6810.554079
-230920,3000,6821.06144
-234976,3000,6832.555326
-256204,3000,6843.90507
-275832,3000,6855.457945
-251640,3000,6867.21147
-267912,3000,6878.715506
-264880,3000,6890.533668
-265056,3000,6902.943719
-270136,3000,6915.186095
-232736,3000,6927.375224
-281884,3000,6940.770782
-273832,3000,6953.59758
-250696,3000,6966.677019
-258968,3000,6980.745171
-252284,3000,6992.253841
-243596,3000,7003.945274
-263892,3000,7015.610755
-241712,3000,7027.949233
-235140,3000,7040.51147
-223840,3000,7052.246363
-285828,3000,7063.817712
-252908,3000,7075.630957
-224864,3000,7087.832068
-254832,3000,7100.530374
-261872,3000,7112.562782
-254060,3000,7124.223945
-242864,3000,7135.651862
-228800,3000,7147.071367
-247808,3000,7159.259164
-233944,3000,7171.683772
-243816,3000,7184.6139
-254284,3000,7196.256946
-249992,3000,7208.254516
-231728,3000,7220.641513
-260744,3000,7233.02942
-239876,3000,7246.675015
-234600,3000,7259.895425
-253872,3000,7270.327662
-249056,3000,7283.188119
-228936,3000,7297.011964
-251952,3000,7310.566644
-241832,3000,7323.097593
-232812,3000,7336.163888
-235656,3000,7349.609841
-256900,3000,7362.818713
-230124,3000,7374.904899
-228888,3000,7400.339991
-249840,3000,7414.830382
-219996,3000,7429.069332
-209588,3000,7443.340731
-221504,3000,7457.856059
-242756,3000,7473.367167
-253116,3000,7488.753455
-239692,3000,7501.947413
-238740,3000,7516.284538
-250736,3000,7531.016431
-216836,3000,7542.860651
-239768,3000,7555.654565
-240572,3000,7570.803061
-228920,3000,7585.643259
-227868,3000,7599.250114
-229888,3000,7612.938137
-239912,3000,7625.691423
-230788,3000,7639.10257
-212816,3000,7652.853027
-233856,3000,7667.504713
-237076,3000,7682.445364
-231048,3000,7695.477775
-257696,3000,7708.503184
-242648,3000,7723.615438
-240848,3000,7738.047563
-250016,3000,7752.044907
-248748,3000,7766.6167
-223796,3000,7781.371832
-234312,3000,7795.326033
-240696,3000,7810.693759
-240772,3000,7825.656232
-219688,3000,7839.683922
-244700,3000,7854.60833
-255848,3000,7868.996606
-253060,3000,7882.872063
-251240,3000,7896.790629
-248968,3000,7911.065901
-231972,3000,7925.703322
-264720,3000,7940.943211
-254796,3000,7958.99262
-238660,3000,7974.296294
-244832,3000,7988.550228
-240932,3000,8001.06302
-242900,3000,8013.749262
-233708,3000,8026.861271
-246872,3000,8039.647812
-255788,3000,8053.261941
-241836,3000,8067.452117
-248788,3000,8081.836473
-246944,3000,8094.872735
-243828,3000,8109.178569
-240608,3000,8121.642464
-238924,3000,8134.475976
-197776,3000,8147.036695
-232792,3000,8159.545533
-229680,3000,8172.847114
-213652,3000,8185.842278
-240608,3000,8200.229327
-212436,3000,8216.141669
-272004,3000,8229.995
-226900,3000,8243.13128
-224128,3000,8256.050361
-215732,3000,8269.775009
-244584,3000,8283.256315
-240764,3000,8297.347372
-235564,3000,8311.51737
-219628,3000,8335.853261
-228664,3000,8350.119339
-230608,3000,8364.184587
-222928,3000,8377.014603
-257120,3000,8391.109352
-271912,3000,8405.226407
-229568,3000,8418.986159
-240896,3000,8432.633422
-249492,3000,8640.584454
-239740,3000,8651.64371
-213648,3000,8662.452528
-204760,3000,8673.005063
-238880,3000,8683.650347
-243816,3000,8694.243938
-215904,3000,8704.778986
-222784,3000,8715.981457
-219524,3000,8727.369317
-247740,3000,8738.43752
-209728,3000,8749.029362
-241780,3000,8760.083672
-210628,3000,8770.960506
-204524,3000,8781.911546
-234584,3000,8793.129753
-223868,3000,8803.681452
-250792,3000,8814.634412
-244840,3000,8825.268411
-246672,3000,8836.599415
-234760,3000,8847.865807
-202656,3000,8858.415005
-225636,3000,8869.572753
-228616,3000,8880.147244
-244992,3000,8890.68239
-233600,3000,8900.952676
-215732,3000,8911.954182
-233632,3000,8923.058973
-238752,3000,8934.163945
-220760,3000,8944.953531
-249528,3000,8955.76223
-242496,3000,8967.090108
-234652,3000,8978.389345
-248648,3000,8989.422347
-227676,3000,9000.428117
-224864,3000,9011.809227
-212608,3000,9023.243919
-238968,3000,9033.983785
-264728,3000,9044.73408
-213800,3000,9055.837245
-207692,3000,9066.599717
-247120,3000,9077.933128
-231820,3000,9089.161165
-215436,3000,9100.391642
-229740,3000,9111.988644
-210812,3000,9122.906479
-234908,3000,9134.069438
-211876,3000,9144.146052
-215040,3000,9154.27949
-219744,3000,9165.479099
-255440,3000,9176.651064
-260540,3000,9187.499795
-247728,3000,9198.533479
-221980,3000,9209.467536
-226732,3000,9220.064602
-209592,3000,9230.923724
-228492,3000,9242.668576
-236560,3000,9253.654597
-224744,3000,9264.190536
-226680,3000,9274.800203
-220816,3000,9293.892464
-206960,3000,9304.668246
-234712,3000,9315.594587
-218616,3000,9326.334969
-233696,3000,9337.282215
-224664,3000,9347.80056
-229896,3000,9358.503301
-238788,3000,9369.364996
-258712,3000,9380.487926
-233804,3000,9391.266932
-250872,3000,9402.048218
-220788,3000,9412.583649
-237940,3000,9423.243128
-220772,3000,9433.884068
-222952,3000,9444.774302
-189640,3000,9455.190984
-217628,3000,9466.18607
-229592,3000,9477.047137
-224944,3000,9487.709589
-224748,3000,9498.741383
-214644,3000,9509.698348
-227912,3000,9520.773039
-210704,3000,9531.891799
-218548,3000,9542.35278
-205688,3000,9553.059449
-218852,3000,9563.231864
-212820,3000,9574.033487
-227728,3000,9584.825711
-237744,3000,9595.488718
-226504,3000,9606.596867
-204492,3000,9617.053415
-206688,3000,9628.037245
-222628,3000,9638.58251
-229792,3000,9649.356377
-190504,3000,9660.297627
-236760,3000,9671.235988
-197644,3000,9681.494602
-204568,3000,9691.884824
-224848,3000,9702.690538
-223864,3000,9713.153139
-227524,3000,9724.206187
-219720,3000,9734.915825
-217228,3000,9745.816314
-212440,3000,9756.581742
-222576,3000,9767.760782
-227556,3000,9778.245389
-200532,3000,9789.266856
-206656,3000,9799.932703
-193760,3000,9810.559107
-214592,3000,9821.541757
-201388,3000,9833.081766
-220680,3000,9843.637703
-216548,3000,9854.394919
-210576,3000,9864.895142
-179656,3000,9875.169537
-244564,3000,9886.21207
-200676,3000,9897.099384
-236668,3000,9908.088971
-216780,3000,9918.694138
-208984,3000,9929.122371
-201764,3000,9940.048698
-178776,3000,9950.501037
-197484,3000,9961.454744
-192576,3000,9971.768197
-192592,3000,9982.101871
-216564,3000,9992.71169
-201360,3000,10003.330424
-209612,3000,10021.813371
-218712,3000,10032.436724
-192532,3000,10042.994232
-209584,3000,10053.662998
-197900,3000,10064.06227
-210772,3000,10074.946111
-214832,3000,10085.51631
-205596,3000,10095.903965
-212764,3000,10106.408012
-215532,3000,10117.072514
-200928,3000,10127.621893
-221812,3000,10138.356413
-224376,3000,10149.195835
-172512,3000,10160.327249
-228420,3000,10170.941136
-204800,3000,10181.552526
-210764,3000,10192.396103
-217400,3000,10203.437697
-215332,3000,10213.698773
-178392,3000,10224.332246
-182720,3000,10234.78396
-217816,3000,10245.358115
-223852,3000,10255.72505
-189376,3000,10266.008909
-188816,3000,10275.949414
-179548,3000,10286.620504
-187472,3000,10297.243616
-195128,3000,10307.759603
-226632,3000,10318.55332
-204668,3000,10329.217538
-192712,3000,10339.899971
-209536,3000,10350.24183
-211496,3000,10361.057808
-204552,3000,10371.595472
-197512,3000,10382.030398
-192424,3000,10392.454064
-193808,3000,10402.86113
-180740,3000,10413.454892
-191556,3000,10424.295636
-186340,3000,10434.807427
-191564,3000,10445.888907
-186604,3000,10456.400682
-192608,3000,10467.020936
-178464,3000,10477.57168
-213724,3000,10487.51272
-192572,3000,10498.262532
-187464,3000,10508.500945
-212372,3000,10519.212925
-202952,3000,10529.944221
-185232,3000,10540.289959
-214340,3000,10551.091459
-209568,3000,10561.581522
-199436,3000,10572.108915
-195408,3000,10582.507318
-207480,3000,10593.531504
-184420,3000,10604.049653
-202396,3000,10614.320292
-194400,3000,10624.794683
-179592,3000,10635.539193
-183764,3000,10645.848142
-175504,3000,10656.290705
-202644,3000,10666.251441
-201636,3000,10676.883094
-180560,3000,10687.727443
-176548,3000,10698.140025
-198680,3000,10708.755613
-173964,3000,10726.966858
-188640,3000,10737.190198
-208644,3000,10747.862516
-232572,3000,10758.510397
-191636,3000,10768.787306
-185356,3000,10779.921156
-192732,3000,10790.488361
-198608,3000,10800.849319
-209656,3000,10811.73021
-213620,3000,10822.833547
-196468,3000,10833.438157
-190620,3000,10844.157627
-192584,3000,10854.453545
-190500,3000,10864.837481
-188712,3000,10875.664731
-196704,3000,10885.985014
-177340,3000,10896.651711
-203352,3000,10907.506393
-156560,3000,10917.875097
-192484,3000,10927.60716
-192476,3000,10937.895496
-199560,3000,10948.521886
-198508,3000,10958.720317
-171488,3000,10969.469289
-184452,3000,10979.786786
-175584,3000,10990.502673
-214392,3000,11001.03113
-222408,3000,11011.660343
-204788,3000,11022.084406
-214680,3000,11032.792041
-186684,3000,11042.814549
-193644,3000,11053.20284
-214656,3000,11064.070081
-183772,3000,11074.635998
-222544,3000,11085.49762
-195600,3000,11096.267451
-152544,3000,11107.182761
-195452,3000,11117.919442
-167464,3000,11128.292494
-204560,3000,11138.702305
-178384,3000,11149.127913
-184320,3000,11159.895795
-205152,3000,11170.581024
-195532,3000,11181.109882
-187392,3000,11191.82821
-179552,3000,11202.310726
-196496,3000,11213.036316
-184564,3000,11223.545539
-188220,3000,11234.654699
-190632,3000,11244.987473
-219676,3000,11255.320932
-194548,3000,11265.627452
-187368,3000,11276.25288
-197436,3000,11286.781106
-197716,3000,11297.277952
-185296,3000,11307.988903
-168536,3000,11318.363603
-188404,3000,11329.016518
-168348,3000,11339.412229
-166448,3000,11349.66572
-178524,3000,11359.905983
-168284,3000,11370.190257
-174752,3000,11380.607736
-165516,3000,11391.293146
-153328,3000,11401.773789
-182516,3000,11411.985845
-186648,3000,11422.105572
-198428,3000,11440.549271
-165308,3000,11450.973976
-166384,3000,11461.308225
-186396,3000,11472.393209
-182648,3000,11482.73669
-178468,3000,11493.192484
-174392,3000,11503.863943
-193372,3000,11514.16717
-183572,3000,11524.829085
-180232,3000,11535.356744
-171672,3000,11545.512157
-180244,3000,11556.167792
-163592,3000,11566.418091
-208436,3000,11576.981596
-189440,3000,11587.825781
-182588,3000,11598.256428
-171288,3000,11609.076328
-170284,3000,11619.618874
-207324,3000,11630.115639
-146424,3000,11640.397537
-168504,3000,11650.944493
-192512,3000,11661.612659
-199296,3000,11672.391488
-179356,3000,11683.053679
-200408,3000,11693.49171
-191288,3000,11703.554024
-181560,3000,11714.148904
-162444,3000,11724.660721
-174472,3000,11734.984076
-175340,3000,11744.82153
-198388,3000,11754.983003
-213792,3000,11765.584166
-155184,3000,11776.076082
-204568,3000,11786.788739
-191376,3000,11797.448918
-171548,3000,11807.634474
-171256,3000,11817.90342
-165436,3000,11828.542391
-192532,3000,11839.121892
-173628,3000,11849.613457
-152436,3000,11859.68955
-167392,3000,11869.881115
-149452,3000,11880.313222
-183580,3000,11891.131166
-160376,3000,11901.171969
-201548,3000,11911.619582
-192528,3000,11922.379837
-180516,3000,11933.448571
-169392,3000,11943.773662
-174616,3000,11953.900546
-202548,3000,11964.847943
-172560,3000,11975.142436
-194548,3000,11985.538477
-158644,3000,11995.571278
-195452,3000,12006.26491
-190600,3000,12016.600741
-193404,3000,12026.906617
-164140,3000,12037.132983
-181208,3000,12047.596861
-160488,3000,12057.887728
-188640,3000,12068.829646
-165416,3000,12079.093979
-172180,3000,12089.234103
-187492,3000,12099.410357
-170420,3000,12110.494037
-187404,3000,12120.556279
-184128,3000,12130.973185
-160144,3000,12149.310957
-179320,3000,12160.08144
-161340,3000,12170.576919
-161264,3000,12180.991158
-135628,3000,12190.610464
-158420,3000,12200.729212
-172348,3000,12211.317431
-174268,3000,12221.582762
-140296,3000,12231.355211
-182388,3000,12241.953153
-159748,3000,12251.86214
-162420,3000,12261.906125
-170388,3000,12272.220574
-165620,3000,12282.89641
-177200,3000,12293.409608
-146244,3000,12303.564131
-162300,3000,12313.704467
-168388,3000,12323.867018
-186280,3000,12334.036863
-183116,3000,12344.595427
-158468,3000,12354.95308
-161532,3000,12365.63973
-163176,3000,12376.041395
-170416,3000,12386.257455
-151288,3000,12396.370436
-169628,3000,12407.134485
-149668,3000,12417.675526
-189712,3000,12428.020228
-169468,3000,12438.042025
-159124,3000,12448.068696
-148564,3000,12458.300625
-170472,3000,12468.630881
-182488,3000,12478.753157
-168372,3000,12489.192288
-184524,3000,12499.161953
-152608,3000,12509.310441
-137748,3000,12519.918745
-180388,3000,12530.175441
-164264,3000,12540.205739
-162668,3000,12550.229425
-171612,3000,12560.693428
-153392,3000,12570.698535
-166512,3000,12580.991644
-171304,3000,12591.066588
-171232,3000,12601.705761
-172480,3000,12612.13321
-164380,3000,12622.683814
-162288,3000,12632.859154
-169408,3000,12643.29023
-174440,3000,12653.726764
-173472,3000,12663.824314
-155336,3000,12674.304679
-182340,3000,12684.601122
-143400,3000,12694.713158
-163512,3000,12705.26599
-161196,3000,12715.792512
-170252,3000,12726.509992
-144352,3000,12736.501809
-139644,3000,12747.012472
-163576,3000,12757.899117
-169296,3000,12768.349754
-164316,3000,12778.761836
-164292,3000,12789.056206
-162132,3000,12799.314137
-143288,3000,12809.980784
-163176,3000,12820.295399
-157252,3000,12838.498605
-154388,3000,12848.995211
-175296,3000,12859.528061
-154332,3000,12870.008618
-138180,3000,12880.755275
-163268,3000,12891.097082
-169548,3000,12901.751536
-135668,3000,12911.691771
-159420,3000,12922.240256
-125216,3000,12932.374572
-154160,3000,12942.455616
-136304,3000,12953.015901
-147092,3000,12963.32852
-159384,3000,12973.972443
-166484,3000,12984.043806
-137536,3000,12993.842886
-150192,3000,13004.303569
-147312,3000,13014.316535
-150432,3000,13024.470868
-143276,3000,13034.243284
-156332,3000,13044.063023
-164352,3000,13054.533938
-157496,3000,13065.269963
-139456,3000,13075.470289
-169252,3000,13085.733001
-160600,3000,13095.473099
-149420,3000,13105.704098
-145364,3000,13115.640531
-143140,3000,13125.966223
-141256,3000,13136.016853
-161168,3000,13146.080986
-151296,3000,13156.344664
-144208,3000,13166.407013
-153524,3000,13176.878876
-172248,3000,13187.217715
-157156,3000,13197.297619
-150404,3000,13207.331165
-147188,3000,13217.381607
-168532,3000,13227.695322
-151244,3000,13238.081394
-161508,3000,13248.310137
-150224,3000,13258.430276
-147244,3000,13268.956546
-148404,3000,13279.067319
-164428,3000,13289.247527
-136436,3000,13299.471501
-170248,3000,13309.88425
-142376,3000,13319.841699
-132424,3000,13329.683979
-128060,3000,13339.707881
-149428,3000,13350.07003
-157308,3000,13360.708302
-151248,3000,13370.459909
-159248,3000,13380.893321
-164148,3000,13391.127185
-132252,3000,13401.906091
-160108,3000,13412.140294
-153336,3000,13421.951582
-168256,3000,13432.934613
-156980,3000,13443.254985
-152420,3000,13453.705984
-157488,3000,13463.92649
-130284,3000,13474.207531
-135248,3000,13484.235758
-141288,3000,13494.310134
-137256,3000,13504.60291
-158304,3000,13515.174371
-122288,3000,13533.702835
-129204,3000,13544.406543
-136216,3000,13554.31365
-130076,3000,13564.636587
-140504,3000,13575.049067
-138444,3000,13585.478671
-132408,3000,13595.822757
-142112,3000,13605.889181
-165576,3000,13615.762582
-142468,3000,13625.885491
-143428,3000,13635.904997
-156208,3000,13646.017305
-161400,3000,13656.093599
-176300,3000,13666.63186
-170368,3000,13676.632123
-158196,3000,13687.452189
-136092,3000,13697.399761
-143400,3000,13707.622193
-163328,3000,13718.011602
-135144,3000,13728.213349
-130328,3000,13738.403809
-139452,3000,13748.700127
-139376,3000,13758.847554
-129096,3000,13769.12765
-150236,3000,13779.305732
-133364,3000,13789.610548
-163312,3000,13799.20913
-149300,3000,13809.423002
-128332,3000,13819.303674
-137320,3000,13829.123533
-150356,3000,13839.168327
-132216,3000,13849.085717
-128372,3000,13859.403024
-129296,3000,13869.880951
-126444,3000,13879.25437
-149324,3000,13889.352859
-151292,3000,13899.496673
-144304,3000,13909.470323
-149316,3000,13919.827269
-138556,3000,13930.123039
-143208,3000,13940.177375
-128324,3000,13950.133885
-154208,3000,13960.044145
-113196,3000,13970.240455
-143460,3000,13980.048932
-143260,3000,13990.432097
-149176,3000,14000.329061
-130104,3000,14009.887243
-131376,3000,14020.129482
-155432,3000,14030.355481
-149308,3000,14040.23755
-131308,3000,14049.918133
-162520,3000,14060.072582
-134212,3000,14070.280017
-140244,3000,14080.725433
-129188,3000,14091.076712
-138096,3000,14101.294864
-158200,3000,14112.057948
-126376,3000,14122.063819
-132160,3000,14132.130133
-113264,3000,14141.930292
-137192,3000,14152.007712
-133540,3000,14162.725784
-132296,3000,14172.974415
-139412,3000,14183.106198
-146412,3000,14193.875086
-131068,3000,14204.155488
-123520,3000,14222.057965
-143252,3000,14232.062222
-145176,3000,14242.465653
-120084,3000,14252.603256
-141196,3000,14262.791323
-126972,3000,14272.92837
-132940,3000,14283.388298
-139188,3000,14293.262896
-129024,3000,14303.693721
-143336,3000,14313.560594
-133980,3000,14323.506554
-122264,3000,14333.505105
-141196,3000,14343.683022
-145228,3000,14353.976124
-123216,3000,14363.734161
-122176,3000,14373.984941
-135384,3000,14384.314059
-137340,3000,14394.322155
-129408,3000,14404.218741
-126364,3000,14414.52631
-129240,3000,14424.717772
-120240,3000,14434.377779
-156172,3000,14444.457381
-128176,3000,14454.707316
-121280,3000,14464.773853
-120280,3000,14474.702944
-121228,3000,14484.747229
-134168,3000,14494.633425
-150176,3000,14504.604156
-110956,3000,14514.464033
-144380,3000,14524.047715
-138076,3000,14534.124806
-124260,3000,14543.515464
-144200,3000,14553.615655
-138180,3000,14563.611376
-161212,3000,14573.931303
-133452,3000,14584.194661
-147140,3000,14594.419178
-114052,3000,14604.591301
-152436,3000,14614.663703
-132960,3000,14624.617295
-129444,3000,14634.958245
-136228,3000,14645.385712
-147224,3000,14656.119454
-133232,3000,14666.171816
-140692,3000,14676.2285
-124048,3000,14685.938915
-133352,3000,14695.981638
-115320,3000,14706.013668
-118104,3000,14715.608292
-94160,3000,14725.666969
-126152,3000,14735.542494
-125092,3000,14745.451472
-158408,3000,14755.677678
-130180,3000,14765.878551
-123180,3000,14775.552807
-104964,3000,14785.258414
-121392,3000,14795.31038
-119240,3000,14805.664224
-129136,3000,14816.027485
-112344,3000,14826.26584
-107316,3000,14836.296342
-124424,3000,14845.74691
-101068,3000,14855.482213
-113928,3000,14865.46868
-128268,3000,14875.695464
-122940,3000,14893.800389
-138292,3000,14904.298408
-124440,3000,14913.835433
-109952,3000,14923.989163
-105868,3000,14934.316076
-144200,3000,14944.408213
-138088,3000,14954.384299
-122076,3000,14964.496021
-134824,3000,14974.899263
-125280,3000,14984.801766
-117076,3000,14994.630318
-106016,3000,15004.900329
-114228,3000,15015.301071
-114416,3000,15025.320578
-136168,3000,15035.546904
-120220,3000,15045.318022
-128424,3000,15054.873086
-108904,3000,15064.597093
-96952,3000,15074.637614
-107148,3000,15084.189396
-143236,3000,15094.496789
-117392,3000,15104.513355
-136016,3000,15115.079415
-109312,3000,15124.886235
-102184,3000,15135.021456
-113236,3000,15144.62169
-137240,3000,15154.659123
-130068,3000,15164.62093
-127820,3000,15174.443539
-127916,3000,15184.254408
-116844,3000,15194.12484
-138164,3000,15204.475631
-123176,3000,15214.632814
-103272,3000,15224.312393
-119992,3000,15234.278966
-107120,3000,15244.626432
-136188,3000,15254.89788
-141208,3000,15265.180923
-109096,3000,15275.129328
-116976,3000,15284.94219
-109184,3000,15294.451867
-122088,3000,15304.429116
-108716,3000,15314.327516
-122160,3000,15324.11473
-102028,3000,15333.985075
-104904,3000,15343.595087
-127132,3000,15353.665578
-99160,3000,15363.526381
-134852,3000,15373.566622
-112356,3000,15383.480446
-112968,3000,15393.639718
-124120,3000,15403.379348
-118664,3000,15413.354098
-135772,3000,15423.207789
-114084,3000,15432.8343
-134064,3000,15443.117565
-112964,3000,15452.695678
-117352,3000,15462.47066
-95972,3000,15472.287481
-113156,3000,15482.189923
-114360,3000,15492.542017
-99888,3000,15502.471975
-124104,3000,15512.623047
-126112,3000,15522.703353
-113136,3000,15532.53859
-98928,3000,15542.856783
-108948,3000,15553.133513
-113236,3000,15570.887988
-115200,3000,15580.695094
-94088,3000,15590.490682
-111960,3000,15600.536258
-117832,3000,15610.568482
-96104,3000,15620.42559
-107212,3000,15630.028341
-123160,3000,15640.08469
-98188,3000,15650.085317
-115064,3000,15659.967311
-103932,3000,15670.341933
-116936,3000,15680.370857
-111916,3000,15690.204272
-106112,3000,15700.283583
-118708,3000,15709.998862
-91876,3000,15720.120297
-100144,3000,15729.844954
-109100,3000,15739.761183
-96144,3000,15749.635121
-95848,3000,15759.39618
-102008,3000,15769.581498
-119116,3000,15779.746416
-110004,3000,15789.808204
-113112,3000,15799.678728
-107896,3000,15809.647173
-108048,3000,15819.666915
-129892,3000,15829.374511
-95216,3000,15839.233763
-108156,3000,15849.15369
-98604,3000,15858.968431
-122468,3000,15868.418944
-85012,3000,15877.8313
-111836,3000,15887.901605
-101996,3000,15897.557797
-101060,3000,15907.347391
-87024,3000,15916.863303
-121188,3000,15926.945874
-123172,3000,15937.088601
-110284,3000,15946.877199
-83320,3000,15956.447325
-105852,3000,15966.718474
-104328,3000,15976.601405
-89888,3000,15986.425619
-112884,3000,15996.627064
-104864,3000,16006.464756
-110124,3000,16016.389955
-91892,3000,16026.181181
-112820,3000,16036.122044
-89032,3000,16045.465789
-110984,3000,16055.264096
-108924,3000,16065.349684
-103976,3000,16074.918081
-86112,3000,16084.686192
-122000,3000,16094.497456
-114024,3000,16104.443623
-104116,3000,16114.579412
-95156,3000,16123.860788
-114288,3000,16133.724416
-95932,3000,16143.740044
-104912,3000,16153.583171
-113936,3000,16163.663262
-89240,3000,16173.731501
-100100,3000,16183.670047
-90844,3000,16193.539057
-104100,3000,16203.316971
-81008,3000,16212.989854
-113044,3000,16222.71593
-84872,3000,16240.391767
-104684,3000,16249.9726
-118008,3000,16259.761464
-120940,3000,16269.614616
-88964,3000,16279.403782
-106152,3000,16289.401675
-98936,3000,16299.324373
-113124,3000,16308.985486
-94052,3000,16318.761955
-94092,3000,16328.558671
-122104,3000,16338.772107
-95080,3000,16348.120976
-94988,3000,16358.003829
-90044,3000,16367.915634
-97840,3000,16377.43795
-128760,3000,16387.533338
-94948,3000,16397.565501
-128024,3000,16407.249341
-87040,3000,16416.879499
-79024,3000,16426.157897
-92740,3000,16435.860023
-100848,3000,16445.920637
-92736,3000,16455.406729
-106080,3000,16464.983169
-102892,3000,16474.302463
-111196,3000,16484.450456
-98992,3000,16494.028447
-91128,3000,16503.474816
-86988,3000,16513.448677
-98876,3000,16523.456502
-99916,3000,16533.545351
-93120,3000,16543.604285
-96936,3000,16553.484279
-98008,3000,16563.349418
-115696,3000,16573.088311
-94824,3000,16582.903914
-106000,3000,16592.76471
-94228,3000,16602.350852
-93092,3000,16612.213723
-100208,3000,16621.803563
-81060,3000,16631.332666
-94868,3000,16640.910054
-83156,3000,16650.630279
-106056,3000,16660.028103
-105076,3000,16670.030908
-92980,3000,16679.361905
-89972,3000,16688.815602
-94332,3000,16698.225025
-95864,3000,16708.061502
-96792,3000,16717.666862
-88808,3000,16727.293959
-94868,3000,16737.045992
-76076,3000,16746.696619
-76016,3000,16756.043901
-93024,3000,16765.683788
-87920,3000,16775.33554
-93040,3000,16785.29121
-91700,3000,16794.652628
-97752,3000,16804.211361
-103156,3000,16813.545145
-89908,3000,16823.174621
-94116,3000,16833.025857
-74752,3000,16842.818775
-89904,3000,16852.757287
-90080,3000,16862.068986
-76852,3000,16871.664201
-89728,3000,16889.583082
-93956,3000,16899.725021
-85808,3000,16909.212728
-91104,3000,16919.004081
-88880,3000,16928.480697
-87932,3000,16937.986704
-95300,3000,16947.834487
-79896,3000,16957.652657
-74992,3000,16967.407378
-78128,3000,16977.607828
-89152,3000,16987.298783
-94936,3000,16997.272546
-84044,3000,17007.029242
-106848,3000,17017.2123
-94932,3000,17026.968163
-75952,3000,17036.775997
-75816,3000,17046.239231
-98968,3000,17056.055593
-85852,3000,17065.859534
-80656,3000,17075.499304
-74960,3000,17084.910915
-75780,3000,17094.58846
-76660,3000,17104.270194
-100608,3000,17114.102383
-79928,3000,17123.990257
-95040,3000,17134.056414
-78768,3000,17144.027154
-93048,3000,17153.54859
-79856,3000,17163.223157
-80264,3000,17172.726347
-107944,3000,17182.802425
-99080,3000,17192.648869
-80884,3000,17202.235019
-85776,3000,17211.900516
-62928,3000,17221.400065
-102648,3000,17231.300746
-95832,3000,17241.109213
-93844,3000,17250.854686
-82060,3000,17260.416056
-88988,3000,17269.591428
-73892,3000,17279.515934
-86044,3000,17289.112839
-83056,3000,17298.931159
-80820,3000,17308.612906
-89136,3000,17318.642945
-90016,3000,17328.11777
-76684,3000,17338.128475
-86112,3000,17347.880469
-81080,3000,17357.819685
-77960,3000,17367.694201
-99888,3000,17377.38022
-93600,3000,17387.185393
-106668,3000,17397.000087
-68792,3000,17406.881535
-85948,3000,17416.803947
-76960,3000,17426.009076
-84812,3000,17435.624396
-76956,3000,17444.755822
-84860,3000,17454.519571
-97992,3000,17463.931091
-65708,3000,17473.965144
-86024,3000,17483.31401
-81032,3000,17493.292084
-89948,3000,17502.932573
-66032,3000,17512.788315
-76108,3000,17522.336171
-94888,3000,17532.424726
-80116,3000,17550.060288
-69644,3000,17559.447459
-69844,3000,17569.005149
-79696,3000,17578.806322
-84836,3000,17588.609165
-73156,3000,17598.36516
-76904,3000,17607.972968
-75000,3000,17617.578253
-84932,3000,17627.092458
-66788,3000,17636.716127
-55992,3000,17646.567205
-89068,3000,17656.013708
-83964,3000,17665.693569
-67772,3000,17675.196747
-66740,3000,17684.812284
-96928,3000,17694.815775
-74884,3000,17704.275733
-70820,3000,17714.091367
-80636,3000,17723.403651
-72848,3000,17732.930393
-64816,3000,17742.133717
-82732,3000,17752.242503
-84036,3000,17761.767704
-70696,3000,17771.553922
-59904,3000,17781.082568
-79868,3000,17790.502869
-86716,3000,17799.884407
-75732,3000,17809.390545
-73672,3000,17818.898151
-69868,3000,17828.468319
-80624,3000,17838.082081
-88784,3000,17847.440698
-72688,3000,17856.779637
-68628,3000,17866.382269
-76928,3000,17876.111212
-87752,3000,17885.973394
-69780,3000,17895.753273
-67708,3000,17905.31858
-78792,3000,17914.940538
-74912,3000,17924.801954
-78104,3000,17933.994143
-81820,3000,17943.503683
-77784,3000,17952.70292
-73844,3000,17962.283825
-64908,3000,17971.307825
-80680,3000,17980.984597
-57744,3000,17990.408279
-80796,3000,17999.912724
-66816,3000,18009.134697
-69968,3000,18018.634334
-66908,3000,18027.984941
-74916,3000,18037.443505
-76572,3000,18046.824194
-60792,3000,18056.053383
-76640,3000,18065.447574
-63884,3000,18075.072088
-64768,3000,18084.591237
-85956,3000,18094.418506
-86632,3000,18104.122339
-69868,3000,18113.526279
-80828,3000,18123.647608
-60796,3000,18133.345232
-80836,3000,18142.877123
-68460,3000,18152.750832
-71520,3000,18162.697733
-72860,3000,18172.6187
-68972,3000,18181.893881
-70912,3000,18199.598813
-69752,3000,18208.775097
-66808,3000,18218.251602
-70624,3000,18227.481822
-55792,3000,18237.056217
-66692,3000,18246.549429
-70900,3000,18255.990676
-49712,3000,18265.419051
-66748,3000,18275.094604
-62488,3000,18284.446376
-75684,3000,18293.941762
-62564,3000,18303.443437
-56052,3000,18312.881211
-57664,3000,18322.145307
-53808,3000,18331.385238
-72044,3000,18340.68092
-70772,3000,18350.916536
-77008,3000,18360.372189
-70576,3000,18369.645865
-82548,3000,18379.382064
-74796,3000,18388.812878
-68948,3000,18398.705445
-57688,3000,18408.264303
-60812,3000,18417.605154
-58848,3000,18426.987766
-70584,3000,18437.177478
-53528,3000,18447.460814
-82824,3000,18456.787115
-59036,3000,18466.198795
-60692,3000,18475.907145
-75576,3000,18485.626537
-58848,3000,18494.917941
-53680,3000,18504.645175
-76748,3000,18514.478161
-51496,3000,18524.216824
-51824,3000,18533.640733
-53716,3000,18543.361082
-56616,3000,18552.962995
-76684,3000,18562.497774
-61932,3000,18571.82312
-57872,3000,18581.30355
-61284,3000,18590.906494
-64460,3000,18600.254714
-60864,3000,18609.928436
-56676,3000,18619.723707
-48572,3000,18629.354675
-66728,3000,18638.627175
-62480,3000,18648.529583
-60892,3000,18658.283385
-54636,3000,18667.775407
-66916,3000,18677.492288
-58956,3000,18686.904192
-66528,3000,18696.557312
-50780,3000,18706.064826
-54708,3000,18715.730057
-53720,3000,18725.31501
-59452,3000,18735.041912
-63752,3000,18744.353663
-59800,3000,18753.625683
-56656,3000,18762.850742
-53652,3000,18772.538372
-57760,3000,18781.944503
-75992,3000,18791.373438
-61068,3000,18800.497485
-52324,3000,18810.229994
-52912,3000,18819.388261
-70932,3000,18836.761868
-56792,3000,18846.0714
-66932,3000,18855.473451
-58396,3000,18864.983738
-54940,3000,18874.660113
-54908,3000,18884.481674
-58768,3000,18894.113733
-58704,3000,18903.480904
-58952,3000,18912.904948
-47788,3000,18922.535019
-37856,3000,18931.743313
-67940,3000,18941.488413
-51632,3000,18951.103155
-60572,3000,18960.930573
-49056,3000,18970.605272
-53844,3000,18980.418166
-66516,3000,18989.982715
-57148,3000,18999.735556
-50836,3000,19009.262261
-55816,3000,19018.729302
-50808,3000,19027.926008
-45956,3000,19037.23157
-56524,3000,19046.742973
-58556,3000,19056.357468
-56748,3000,19065.90045
-58876,3000,19075.254595
-46568,3000,19084.790064
-56776,3000,19094.165264
-62696,3000,19104.387727
-51552,3000,19113.750813
-57804,3000,19123.422385
-51792,3000,19132.871428
-43856,3000,19142.446839
-48744,3000,19151.938449
-61592,3000,19161.389127
-55012,3000,19170.785977
-52656,3000,19179.924526
-58588,3000,19189.590005
-45704,3000,19199.32401
-60480,3000,19208.616565
-53516,3000,19218.066614
-62460,3000,19227.878588
-60640,3000,19237.291991
-51508,3000,19246.507935
-54700,3000,19256.293296
-52524,3000,19265.864371
-57728,3000,19275.695404
-65912,3000,19284.582113
-51808,3000,19294.17195
-39604,3000,19303.5739
-48864,3000,19312.932471
-47736,3000,19322.600676
-55828,3000,19332.203456
-49540,3000,19341.669327
-43716,3000,19350.976223
-52548,3000,19360.408647
-47460,3000,19369.778517
-51796,3000,19379.455561
-50724,3000,19389.026488
-52608,3000,19398.748779
-35612,3000,19408.654782
-63480,3000,19418.339744
-51708,3000,19428.053629
-48648,3000,19437.291251
-59544,3000,19446.996639
-49512,3000,19456.4884
-46560,3000,19466.403714
-35128,3000,19483.779905
-31908,3000,19493.091401
-31660,3000,19502.337471
-43836,3000,19511.59063
-42692,3000,19520.801471
-49692,3000,19530.354439
-43712,3000,19539.730828
-60828,3000,19549.19699
-39372,3000,19558.513311
-49560,3000,19567.79414
-32680,3000,19577.413161
-37752,3000,19586.665283
-45612,3000,19596.084585
-44592,3000,19605.642713
-41468,3000,19614.782431
-42636,3000,19623.997008
-54808,3000,19633.481069
-46932,3000,19642.932954
-49496,3000,19652.373265
-52536,3000,19661.777466
-27568,3000,19671.125224
-59868,3000,19680.499196
-40604,3000,19689.732968
-38572,3000,19699.231272
-57580,3000,19708.620898
-47704,3000,19718.045985
-33584,3000,19727.661182
-49760,3000,19736.912547
-47352,3000,19746.588744
-35764,3000,19755.840463
-38528,3000,19765.138672
-44740,3000,19774.712883
-47836,3000,19783.819779
-36604,3000,19793.232482
-46672,3000,19802.258872
-37692,3000,19811.926833
-51520,3000,19821.499588
-25672,3000,19830.828417
-46776,3000,19840.27603
-40924,3000,19849.52655
-33700,3000,19859.068911
-57884,3000,19868.535702
-42804,3000,19878.049064
-48612,3000,19887.60601
-44868,3000,19896.790503
-26504,3000,19906.223248
-51676,3000,19915.767651
-37420,3000,19925.514876
-26772,3000,19934.79821
-46772,3000,19943.808032
-42560,3000,19953.163409
-49424,3000,19962.647534
-46720,3000,19972.161936
-31436,3000,19981.496243
-36632,3000,19991.010493
-30812,3000,20000.087288
-21440,3000,20009.368305
-41680,3000,20018.454296
-43632,3000,20027.603453
-40416,3000,20036.953473
-35396,3000,20046.399179
-50644,3000,20055.525956
-32588,3000,20064.684888
-37588,3000,20073.881515
-33812,3000,20082.909507
-31336,3000,20092.535589
-31332,3000,20101.414009
-49808,3000,20118.517361
-27696,3000,20127.579791
-22728,3000,20137.197187
-45712,3000,20146.84022
-37452,3000,20156.84511
-47832,3000,20166.071101
-41628,3000,20175.118745
-37548,3000,20184.730124
-40512,3000,20193.900343
-50804,3000,20203.067152
-51112,3000,20212.316496
-37756,3000,20221.414713
-50568,3000,20230.803111
-34636,3000,20240.379911
-28708,3000,20249.459132
-33784,3000,20258.987159
-37512,3000,20268.057912
-40816,3000,20277.408013
-45416,3000,20286.958226
-28732,3000,20296.325331
-41640,3000,20305.270695
-29836,3000,20314.605744
-48704,3000,20323.847847
-28552,3000,20333.544188
-33956,3000,20342.892597
-38520,3000,20352.224041
-36556,3000,20361.797577
-28568,3000,20371.04992
-35432,3000,20380.468388
-34676,3000,20390.292016
-31716,3000,20399.753268
-27336,3000,20409.149654
-25620,3000,20418.271856
-34624,3000,20427.362806
-56808,3000,20437.05627
-36468,3000,20446.256092
-49540,3000,20455.64035
-27724,3000,20464.946237
-39412,3000,20474.541699
-37760,3000,20483.754843
-34536,3000,20493.149707
-34564,3000,20502.124389
-39552,3000,20511.669298
-21152,3000,20521.230398
-41428,3000,20531.008778
-23760,3000,20540.795804
-34708,3000,20550.344556
-28416,3000,20559.733254
-22448,3000,20569.04278
-28892,3000,20578.313018
-32552,3000,20587.810411
-29220,3000,20597.429819
-25532,3000,20606.684459
-25732,3000,20616.114208
-37328,3000,20625.404614
-33588,3000,20634.516742
-24564,3000,20643.816688
-30640,3000,20653.353312
-34404,3000,20662.733768
-24356,3000,20672.019816
-23720,3000,20681.24427
-31684,3000,20690.571886
-32680,3000,20700.059396
-21520,3000,20709.527717
-31544,3000,20718.863946
-28816,3000,20728.508527
-36524,3000,20745.595344
-33676,3000,20754.727988
-38644,3000,20763.971095
-17476,3000,20773.142391
-24692,3000,20782.590429
-25380,3000,20792.015823
-22348,3000,20801.222288
-25480,3000,20810.235839
-27676,3000,20819.7725
-30760,3000,20829.270525
-23440,3000,20838.875818
-18292,3000,20848.616855
-16576,3000,20857.747027
-25172,3000,20867.074944
-25280,3000,20876.809075
-31580,3000,20885.955122
-29772,3000,20894.824688
-18492,3000,20903.885332
-30772,3000,20913.27195
-30120,3000,20922.76375
-30604,3000,20932.535205
-24600,3000,20942.393406
-27768,3000,20951.933687
-14552,3000,20961.23719
-19540,3000,20970.057838
-25456,3000,20979.332441
-21512,3000,20988.565367
-22640,3000,20998.04565
-29640,3000,21007.152997
-20608,3000,21016.486246
-33596,3000,21025.658352
-25520,3000,21034.73502
-20648,3000,21044.196264
-19568,3000,21053.553026
-20456,3000,21062.967779
-25580,3000,21072.312614
-23364,3000,21081.910047
-26368,3000,21091.287723
-26432,3000,21100.672461
-26564,3000,21110.037955
-21212,3000,21119.535438
-25740,3000,21129.007094
-29608,3000,21138.906952
-21380,3000,21148.453587
-20560,3000,21157.514857
-20360,3000,21166.833192
-18556,3000,21175.961105
-18588,3000,21185.363918
-23488,3000,21195.509675
-20624,3000,21204.976431
-13668,3000,21214.054745
-23560,3000,21223.360775
-13652,3000,21232.727833
-16600,3000,21242.298905
-17444,3000,21251.362142
-25868,3000,21260.700901
-22736,3000,21270.173695
-25416,3000,21279.602629
-25704,3000,21288.537241
-21428,3000,21297.98778
-13348,3000,21307.483242
-19116,3000,21316.654925
-14432,3000,21326.07065
-20560,3000,21335.606611
-14776,3000,21344.583093
-12320,3000,21353.838571
-13636,3000,21363.130041
-18480,3000,21379.801663
-17276,3000,21389.526983
-23720,3000,21399.323866
-8584,3000,21408.389508
-23592,3000,21417.847078
-10672,3000,21427.295075
-8484,3000,21436.711823
-24472,3000,21446.005943
-14652,3000,21454.935764
-15804,3000,21463.543717
-10744,3000,21472.50456
-14472,3000,21481.941068
-14492,3000,21491.223354
-12540,3000,21500.363712
-17516,3000,21509.825822
-4608,3000,21518.832482
-13288,3000,21528.262594
-10656,3000,21537.693171
-16416,3000,21547.017557
-20252,3000,21556.014524
-16496,3000,21565.127657
-25376,3000,21574.433859
-20652,3000,21584.115769
-10540,3000,21593.525658
-14668,3000,21602.720656
-8504,3000,21612.089499
-13648,3000,21621.234674
-17352,3000,21630.601684
-11536,3000,21639.609573
-19392,3000,21649.013387
-17640,3000,21658.49154
-4668,3000,21667.747082
-8272,3000,21676.976072
-13288,3000,21686.287012
-7644,3000,21695.369057
-9176,3000,21704.986685
-4484,3000,21714.155672
-14444,3000,21723.458805
-7768,3000,21732.688812
-13416,3000,21742.20125
-8460,3000,21751.624759
-8464,3000,21760.729668
-6604,3000,21769.784507
-9636,3000,21778.787752
-15440,3000,21788.425807
-5580,3000,21797.7269
-12448,3000,21806.74445
-13552,3000,21815.723026
-10344,3000,21824.951519
-8736,3000,21833.99408
-5552,3000,21842.977012
-5300,3000,21852.336107
-12288,3000,21861.406326
-4532,3000,21870.562407
-6428,3000,21879.857417
-10440,3000,21889.035806
-8540,3000,21898.719635
-13312,3000,21907.809256
-532,3000,21917.26426
-7656,3000,21926.406479
-7512,3000,21935.549162
-8580,3000,21944.465443
-5432,3000,21953.675884
-13388,3000,21962.772297
-13428,3000,21971.751671
-12684,3000,21980.839634
-4568,3000,21989.958427
-6376,3000,22006.778915
-508,3000,22015.944616
-4452,3000,22025.243268
-1440,3000,22034.440484
-1248,3000,22043.883038
-7492,3000,22053.009597
-9372,3000,22062.126799
-9240,3000,22071.581061
-7536,3000,22080.528974
-12712,3000,22090.096354
-496,3000,22099.18327
-8404,3000,22108.212576
-7232,3000,22117.441572
1696,3000,22126.572909
-7172,3000,22136.115431
-6184,3000,22145.338931
-6572,3000,22154.277121
-10792,3000,22163.416737
-10860,3000,22172.63687
-1648,3000,22181.472173
-9272,3000,22190.659692
-8568,3000,22199.694602
-6048,3000,22209.302533
-8484,3000,22218.445035
-16480,3000,22228.064078
356,3000,22236.872575
-2600,3000,22245.870148
-7516,3000,22254.688283
-7092,3000,22263.945936
-7600,3000,22272.946319
-6620,3000,22281.993575
-3296,3000,22291.458348
-17684,3000,22300.790025
-11076,3000,22310.26763
-6352,3000,22319.748902
-8220,3000,22329.131241
-9196,3000,22338.182075
-15732,3000,22347.331937
-6664,3000,22356.478368
-16636,3000,22365.554953
-10324,3000,22374.855167
-10460,3000,22383.889907
2604,3000,22393.15309
-6540,3000,22402.100679
-3100,3000,22411.379019
-6532,3000,22420.386702
-3556,3000,22429.758506
-14368,3000,22439.413473
-7464,3000,22448.555514
-10600,3000,22458.121164
-544,3000,22467.562775
-3760,3000,22477.145512
-6476,3000,22486.119275
-12400,3000,22495.213755
-1360,3000,22504.653557
-3228,3000,22513.835492
860,3000,22523.412967
-8192,3000,22533.188396
-9700,3000,22542.333842
2484,3000,22551.64012
-1404,3000,22560.816364
-4496,3000,22569.971557
-1260,3000,22579.863633
-13732,3000,22588.891832
-9312,3000,22597.960795
-13388,3000,22607.21406
-7188,3000,22624.219888
-9576,3000,22633.437727
-6596,3000,22642.418888
-5708,3000,22651.826983
-2360,3000,22660.63653
-9696,3000,22669.591414
-11256,3000,22678.901074
-7532,3000,22688.069526
-8536,3000,22697.02151
-1356,3000,22706.227937
-14428,3000,22715.662849
-4368,3000,22725.212956
-10708,3000,22734.309364
-9660,3000,22743.397376
-5368,3000,22752.648169
-8388,3000,22761.92368
-1372,3000,22771.508935
-10556,3000,22780.791151
-16492,3000,22789.806704
-13476,3000,22799.406584
-3400,3000,22808.648808
-1424,3000,22817.962373
-7616,3000,22827.317113
-15548,3000,22836.254736
-7508,3000,22845.424505
-5464,3000,22854.480072
-12504,3000,22864.062229
-8580,3000,22873.117697
-7560,3000,22882.222361
-12236,3000,22891.525787
-9508,3000,22900.50235
-5324,3000,22909.56277
-12260,3000,22918.728986
-3664,3000,22927.824951
-1420,3000,22936.911356
-12232,3000,22946.068191
-7476,3000,22955.055493
-7656,3000,22964.365327
-8556,3000,22973.516783
-10620,3000,22982.866498
-4600,3000,22992.051489
-4472,3000,23000.786631
-7584,3000,23010.573526
-5340,3000,23019.728803
-12584,3000,23028.884877
-7208,3000,23038.22933
-2480,3000,23047.437335
-1416,3000,23056.533037
-8568,3000,23065.535554
-8264,3000,23074.810599
-19276,3000,23084.29024
-7568,3000,23093.48846
-6500,3000,23103.008193
-8248,3000,23111.980949
-5544,3000,23121.40613
-7200,3000,23131.063402
-10744,3000,23140.250298
-4456,3000,23149.702059
-9684,3000,23158.773544
-3516,3000,23167.761073
3488,3000,23176.894917
-9388,3000,23186.305705
-2480,3000,23195.506225
-6388,3000,23204.546459
608,3000,23213.693079
-11272,3000,23222.842026
-11140,3000,23232.267962
-4408,3000,23249.240279
-14408,3000,23258.075904
-10432,3000,23267.583462
-7528,3000,23276.436794
-12552,3000,23285.618312
-9556,3000,23295.197228
-9428,3000,23304.153314
-8420,3000,23313.204671
-11004,3000,23322.432239
-5168,3000,23331.853727
-14280,3000,23341.506987
-4412,3000,23350.69316
-416,3000,23359.804599
-9624,3000,23369.147955
-6272,3000,23378.337114
-10356,3000,23387.391961
-9624,3000,23396.431299
-11548,3000,23405.858853
-5552,3000,23415.052268
-8324,3000,23424.814208
-13820,3000,23433.767148
-9332,3000,23442.855891
-8656,3000,23452.216874
-5368,3000,23461.565319
-4380,3000,23470.767389
-6668,3000,23479.883626
-13604,3000,23489.146757
-12568,3000,23498.410514
-9516,3000,23507.426299
-9324,3000,23516.306967
-7396,3000,23525.910096
-9324,3000,23535.146783
-7380,3000,23544.382465
-10504,3000,23553.664989
-6456,3000,23563.229985
-10244,3000,23572.631088
-8348,3000,23581.975711
-7424,3000,23591.081222
-5120,3000,23600.074274
-12344,3000,23609.36195
-3508,3000,23618.136332
-2420,3000,23627.557018
-10616,3000,23636.799834
-5552,3000,23645.768759
-1460,3000,23654.496757
-7464,3000,23663.717156
-2436,3000,23672.916613
-2112,3000,23681.882529
1720,3000,23690.965236
-10612,3000,23700.114156
-6564,3000,23709.260219
-6344,3000,23718.613271
-4336,3000,23727.644537
-4404,3000,23736.851215
-2688,3000,23745.862025
-10168,3000,23754.916162
-7368,3000,23764.268144
-2272,3000,23773.087964
-7604,3000,23782.392431
-6588,3000,23791.682197
-11460,3000,23800.617161
-7328,3000,23809.979026
-3232,3000,23819.443929
-6452,3000,23828.528415
-12288,3000,23837.728224
-1104,3000,23846.67781
-13260,3000,23855.875497
-9576,3000,23872.503594
-6504,3000,23881.647609
-4360,3000,23890.797235
-7536,3000,23900.095534
-4584,3000,23909.188534
-8728,3000,23918.380203
-508,3000,23927.689721
-12156,3000,23937.143238
-560,3000,23946.168628
-7564,3000,23955.286333
-12260,3000,23964.448851
-6232,3000,23973.430903
-11260,3000,23982.79726
-9588,3000,23991.979923
-7456,3000,24001.233221
-5308,3000,24010.387739
-3240,3000,24019.592733
-8472,3000,24028.624799
-5396,3000,24037.932637
-1240,3000,24047.014201
-17516,3000,24056.390393
-6144,3000,24065.710276
-6324,3000,24075.240661
-6592,3000,24084.134844
-8580,3000,24092.979756
-10224,3000,24102.293239
-1288,3000,24111.391102
-3504,3000,24120.609658
-464,3000,24129.705475
-7352,3000,24139.036269
-4396,3000,24148.28923
-8304,3000,24158.031456
-11336,3000,24168.025913
-12456,3000,24177.726845
-7220,3000,24187.460146
-16604,3000,24197.168998
1612,3000,24206.414374
-8668,3000,24215.749359
-14720,3000,24225.172961
-5444,3000,24235.020853
-12416,3000,24245.21567
-5496,3000,24255.0684
-13304,3000,24264.86097
-2300,3000,24274.764293
-11544,3000,24284.374146
-12368,3000,24294.079239
-7664,3000,24303.196521
-5192,3000,24312.229117
-10340,3000,24321.661634
-10296,3000,24330.403179
-560,3000,24339.275137
-10356,3000,24348.581731
-5328,3000,24357.902607
-14392,3000,24367.351593
-6428,3000,24377.012573
-7536,3000,24385.893504
-7464,3000,24395.417216
-9388,3000,24404.640522
-5172,3000,24414.502021
-16468,3000,24424.2057
-10232,3000,24434.024851
-7572,3000,24443.456745
-9212,3000,24453.191887
-10504,3000,24462.881952
-2260,3000,24472.145248
-4500,3000,24481.591097
-8472,3000,24498.790962
-2124,3000,24508.376478
-6344,3000,24517.731452
-3476,3000,24527.974938
-5564,3000,24537.40787
-6388,3000,24548.153981
-5360,3000,24559.181866
-13224,3000,24569.182974
-7204,3000,24579.373359
-3512,3000,24588.998626
-6004,3000,24600.073143
-8588,3000,24609.148568
-5524,3000,24618.102285
-11220,3000,24628.108167
-6520,3000,24637.655452
572,3000,24647.363508
-6488,3000,24658.067539
-3524,3000,24667.2428
-11156,3000,24676.375803
-6184,3000,24687.0775
-9284,3000,24697.20996
-9152,3000,24707.144483
-1616,3000,24717.52072
-4316,3000,24728.563062
-4572,3000,24739.746495
-9736,3000,24749.813944
-4544,3000,24759.630942
-7220,3000,24769.210679
-3156,3000,24779.154934
-6568,3000,24788.583475
-10492,3000,24797.824218
-5432,3000,24808.040287
-5532,3000,24817.167558
-7688,3000,24826.661146
-10264,3000,24835.779766
-8272,3000,24845.604958
-6184,3000,24854.808042
-5316,3000,24864.244403
-2280,3000,24873.628751
-9756,3000,24883.276358
-2488,3000,24892.475049
-14576,3000,24901.905077
-8328,3000,24911.747262
-2556,3000,24921.270163
-8524,3000,24930.492149
-4432,3000,24940.084884
-3200,3000,24949.899585
-7436,3000,24959.142198
-6220,3000,24968.571463
-9444,3000,24978.146124
-7388,3000,24987.665942
-5456,3000,24996.703825
-7268,3000,25006.179491
-11240,3000,25015.776285
-4172,3000,25026.435153
-1560,3000,25037.221025
-18428,3000,25047.16057
-7520,3000,25057.072714
-11440,3000,25066.921042
-7284,3000,25076.436586
-9404,3000,25085.748545
-11652,3000,25095.02382
-11448,3000,25104.744283
-10508,3000,25113.603655
-14332,3000,25122.796565
-12428,3000,25131.994904
-9300,3000,25141.156053
-10660,3000,25158.190241
-2516,3000,25167.334526
-7488,3000,25176.528117
-10584,3000,25186.245784
-5572,3000,25195.495425
-3352,3000,25205.399332
-7464,3000,25214.856007
-11692,3000,25224.251055
-10184,3000,25234.767732
-11428,3000,25244.579807
-5236,3000,25254.398284
-10320,3000,25264.385624
-8584,3000,25274.16597
-2448,3000,25283.580907
-2556,3000,25293.128167
-4348,3000,25302.716301
-8292,3000,25311.935989
-9328,3000,25321.164003
-9124,3000,25330.592838
-6448,3000,25339.960829
-5784,3000,25349.232706
-7472,3000,25358.544474
-11416,3000,25367.872283
-7512,3000,25377.207734
-13620,3000,25386.078601
-5508,3000,25395.42272
-3380,3000,25404.481229
-9184,3000,25413.30585
-9128,3000,25423.349332
-10392,3000,25432.396098
-10504,3000,25441.462667
-704,3000,25450.749887
-7380,3000,25460.02007
-7248,3000,25469.713157
-9500,3000,25478.871153
-2008,3000,25488.699115
-3368,3000,25497.942044
-9576,3000,25507.182077
-5556,3000,25516.633341
-2348,3000,25525.978177
-6400,3000,25535.474717
-11272,3000,25544.412121
-8120,3000,25554.18375
-7324,3000,25563.872387
-8328,3000,25572.817715
-10456,3000,25581.963788
-6792,3000,25590.593484
-1868,3000,25599.795173
-6748,3000,25609.079811
-7348,3000,25618.471132
-8276,3000,25627.541693
-10052,3000,25637.081013
-7680,3000,25645.839755
-8284,3000,25654.823671
-10236,3000,25663.938343
-8636,3000,25673.198712
-2412,3000,25682.22766
-5424,3000,25691.2286
-6600,3000,25700.711519
-13432,3000,25709.872441
-12344,3000,25718.994578
-9312,3000,25728.002908
-7388,3000,25737.165417
-7636,3000,25746.376483
-4592,3000,25755.510982
-7556,3000,25764.742128
-12212,3000,25774.821771
-9036,3000,25792.094851
-11304,3000,25801.567633
-6496,3000,25811.067548
-3220,3000,25820.480993
-1464,3000,25829.623325
-7712,3000,25838.247098
-4808,3000,25847.514582
-4492,3000,25856.898718
-8456,3000,25865.980644
-7712,3000,25874.92552
-4492,3000,25883.894704
-5636,3000,25893.23957
-10364,3000,25902.848465
-4416,3000,25912.355014
-8192,3000,25921.750614
-14184,3000,25931.324666
-12588,3000,25940.419291
-7564,3000,25950.128543
-6264,3000,25959.865291
-10644,3000,25968.917896
-11224,3000,25978.191911
-9420,3000,25987.028195
-6224,3000,25996.526839
-5400,3000,26005.643676
-11292,3000,26015.103023
-5704,3000,26024.421716
-6348,3000,26033.517287
-1260,3000,26042.674128
-6504,3000,26051.788728
-16472,3000,26062.33645
-1380,3000,26072.982535
-8340,3000,26082.533705
-8364,3000,26092.256948
-5452,3000,26102.188762
-10280,3000,26111.343852
-8356,3000,26120.635788
-10416,3000,26129.851854
-13276,3000,26138.753864
-14648,3000,26147.88815
-7348,3000,26157.392283
-11812,3000,26166.155379
-6544,3000,26175.379898
-8464,3000,26184.753295
-3288,3000,26194.040751
-10688,3000,26203.310381
-6412,3000,26212.315718
-1744,3000,26221.163998
-7336,3000,26230.398771
-13384,3000,26239.486113
-5756,3000,26248.750218
-3256,3000,26257.841187
-6444,3000,26267.10706
-6020,3000,26276.145373
-7384,3000,26285.590625
-10208,3000,26294.789957
-13344,3000,26303.935228
-5168,3000,26313.462523
-9208,3000,26322.678233
-9384,3000,26331.735382
-6528,3000,26340.830397
-2324,3000,26349.841579
-7480,3000,26358.948601
-4492,3000,26368.08242
-8252,3000,26377.099184
-4344,3000,26386.559783
-7468,3000,26395.818846
-8192,3000,26412.668283
-17488,3000,26422.192798
-6512,3000,26431.296057
-13288,3000,26440.351833
-6412,3000,26449.650046
-3360,3000,26458.517488
-5460,3000,26467.64422
-10568,3000,26476.703218
-12304,3000,26486.268132
-13432,3000,26495.341672
-12316,3000,26504.910219
-5224,3000,26514.038619
-7364,3000,26522.879436
-2124,3000,26532.6226
-9168,3000,26541.724562
-2880,3000,26551.099199
-7392,3000,26560.144932
-6452,3000,26569.396644
-11404,3000,26578.858098
-5352,3000,26588.047945
-9264,3000,26597.09085
-9312,3000,26606.074692
-5256,3000,26615.525441
-11204,3000,26624.912616
-8240,3000,26633.976653
-8180,3000,26643.45196
-4472,3000,26652.499688
-17552,3000,26661.709445
-6408,3000,26671.827807
-7520,3000,26681.090337
-4160,3000,26690.793181
-7324,3000,26700.183022
-16276,3000,26709.453386
-6360,3000,26718.67185
-15556,3000,26727.895922
-2092,3000,26737.545648
-4044,3000,26747.20505
-13328,3000,26756.70336
-12156,3000,26766.063591
-9324,3000,26775.128641
-12420,3000,26784.396154
-6432,3000,26793.732699
-10464,3000,26803.324054
-13124,3000,26812.682417
-5332,3000,26822.120095
-3620,3000,26831.33047
-8468,3000,26840.426547
-10180,3000,26849.629191
-3476,3000,26859.213907
-8616,3000,26868.544106
-4320,3000,26877.697632
-17208,3000,26887.162063
-3292,3000,26896.436748
-6128,3000,26906.043827
-12444,3000,26915.665786
-5600,3000,26925.122124
-468,3000,26933.957336
-5340,3000,26943.377611
-6184,3000,26952.792325
-7524,3000,26962.097667
-3340,3000,26971.415588
-7168,3000,26980.958457
-10576,3000,26990.439471
-8104,3000,26999.912914
-3144,3000,27009.252851
-7640,3000,27018.541144
-13508,3000,27027.621204
-10600,3000,27044.838722
-20396,3000,27054.259248
-1420,3000,27063.716588
-5576,3000,27072.999595
-10336,3000,27082.28296
-3484,3000,27091.400949
-1372,3000,27100.817418
-13676,3000,27110.14561
-4164,3000,27119.595852
-4404,3000,27129.295105
-9324,3000,27138.077265
-10468,3000,27146.840004
-2260,3000,27156.289
-7472,3000,27165.534005
-10480,3000,27174.888225
-5380,3000,27184.054886
492,3000,27193.037843
-8140,3000,27202.687033
-7384,3000,27211.879439
-6728,3000,27220.905568
-10428,3000,27230.29341
-13520,3000,27239.354863
-3464,3000,27248.51785
-12576,3000,27257.54245
-13332,3000,27267.288222
-3580,3000,27276.080507
-4656,3000,27284.902711
-7424,3000,27294.186263
-6532,3000,27302.918822
-1544,3000,27312.201572
-5276,3000,27321.404614
-4532,3000,27330.41361
-12228,3000,27339.470723
-5712,3000,27348.761444
-6800,3000,27357.979643
-3684,3000,27367.172675
-2580,3000,27376.291405
-7376,3000,27385.298902
-7396,3000,27394.50888
-8348,3000,27404.030042
-11580,3000,27412.96836
-5596,3000,27421.905982
-4500,3000,27431.153041
-6436,3000,27439.937262
-11276,3000,27449.383932
-11328,3000,27458.613589
-3396,3000,27467.673521
-13332,3000,27477.128994
-10224,3000,27486.045429
-7504,3000,27495.133278
-11568,3000,27504.172565
-6316,3000,27513.328317
-1340,3000,27522.452062
-8224,3000,27531.741908
-3132,3000,27541.189115
-1440,3000,27550.248725
-12288,3000,27559.518599
-4268,3000,27568.73981
-14212,3000,27578.124701
-11284,3000,27587.3483
-4440,3000,27596.526802
-2380,3000,27605.538354
-8144,3000,27614.512948
-6404,3000,27623.810932
-8628,3000,27633.087101
-10256,3000,27642.521166
-3560,3000,27651.685472
-13256,3000,27668.782856
-7456,3000,27678.218555
-9000,3000,27687.851205
-10324,3000,27697.119609
-8380,3000,27706.161888
-3632,3000,27715.182284
-9476,3000,27724.515599
-6532,3000,27734.261648
-7496,3000,27743.641675
-3528,3000,27753.018627
-10724,3000,27762.029481
-6360,3000,27771.493737
-8616,3000,27780.725539
-5552,3000,27790.013723
-6300,3000,27799.131136
-2580,3000,27808.229851
-7548,3000,27817.922105
-16616,3000,27827.224415
-8732,3000,27836.316316
-15756,3000,27845.517158
-8676,3000,27854.88677
-9568,3000,27864.291697
-15400,3000,27873.796351
-6228,3000,27882.995309
-13276,3000,27892.255007
-10424,3000,27901.650681
-9748,3000,27910.724386
-7308,3000,27920.408435
-6204,3000,27929.934818
-8064,3000,27939.32989
-12416,3000,27948.950373
-7476,3000,27958.280402
-4600,3000,27967.631965
-2116,3000,27977.163265
-11664,3000,27986.327238
-4076,3000,27996.023119
-9412,3000,28005.312823
-7136,3000,28015.083458
-3136,3000,28024.345587
-9324,3000,28033.763746
-5640,3000,28043.166531
-10336,3000,28052.425712
-11668,3000,28061.790803
-5468,3000,28071.28603
-4476,3000,28080.0749
-5436,3000,28089.146869
-7608,3000,28098.126598
-8432,3000,28107.6751
-6736,3000,28116.847795
-7404,3000,28126.147709
-16548,3000,28135.497594
-3076,3000,28144.643528
-4376,3000,28154.130444
-4492,3000,28163.169748
-4392,3000,28172.135951
-6452,3000,28181.463698
-8368,3000,28190.729448
-6528,3000,28199.826364
-2548,3000,28208.933266
-7324,3000,28218.155661
-4724,3000,28227.734056
-4536,3000,28236.750487
-3312,3000,28246.033226
-7308,3000,28255.468965
-11732,3000,28265.004106
-8564,3000,28273.973927
-5312,3000,28290.964222
-9392,3000,28299.934268
-8112,3000,28309.732096
-9388,3000,28319.561818
-9200,3000,28328.907658
-9468,3000,28338.088422
-5488,3000,28348.446802
-19500,3000,28357.762578
-11440,3000,28366.699057
-7584,3000,28375.987132
-8472,3000,28385.307377
-5420,3000,28394.604454
-11392,3000,28404.026665
-7620,3000,28413.443197
-8496,3000,28422.449793
-6308,3000,28431.578704
-4536,3000,28440.689333
-4352,3000,28450.02298
-2252,3000,28459.572442
-6392,3000,28468.656566
-10392,3000,28478.023383
-12368,3000,28487.080446
-5296,3000,28496.188065
-7456,3000,28505.462134
-4356,3000,28514.843286
-4388,3000,28524.402317
-8744,3000,28533.375396
-4556,3000,28542.583123
-1080,3000,28551.913104
-4412,3000,28560.995329
-13220,3000,28570.248508
-2320,3000,28579.449852
-10292,3000,28588.791226
-11468,3000,28597.800461
-8424,3000,28607.086189
-5708,3000,28616.104858
-8160,3000,28625.318615
-13280,3000,28634.712538
-4264,3000,28644.2153
-7412,3000,28653.351834
-4452,3000,28662.709689
-14296,3000,28672.172276
-4196,3000,28681.846092
-8292,3000,28691.117171
-7480,3000,28700.347364
-4172,3000,28709.789126
-10540,3000,28718.808219
-7168,3000,28728.365381
-9616,3000,28737.556687
-6140,3000,28746.995037
-8420,3000,28756.013305
-4644,3000,28765.154155
-6580,3000,28774.458067
-6444,3000,28783.828098
-6424,3000,28793.204759
-10564,3000,28802.315235
-240,3000,28811.95774
-6552,3000,28821.329621
-10336,3000,28830.375016
-4256,3000,28839.721768
-6700,3000,28849.00349
-5360,3000,28858.301435
-4572,3000,28867.628164
-888,3000,28876.656103
880,3000,28886.311722
-11548,3000,28895.657665
-6448,3000,28904.891165
-6480,3000,28921.902722
-9172,3000,28931.707682
-1548,3000,28940.863166
-9388,3000,28950.138955
-4420,3000,28959.744635
-5136,3000,28969.052548
-5292,3000,28978.436613
-1252,3000,28987.706619
-7260,3000,28997.138246
-11568,3000,29006.476875
-1364,3000,29016.004016
-10548,3000,29025.208541
-10260,3000,29034.215005
-5460,3000,29043.163899
-6432,3000,29052.547432
-9536,3000,29061.753573
-3136,3000,29071.08938
-7312,3000,29080.429877
-5172,3000,29089.443289
-5476,3000,29098.528642
-9220,3000,29107.56532
-6580,3000,29116.983678
-6568,3000,29125.796488
-5556,3000,29135.270916
-8580,3000,29144.59484
-6520,3000,29153.864591
-9624,3000,29163.049488
-13064,3000,29172.20487
-3532,3000,29181.429885
-3916,3000,29190.157723
-5436,3000,29199.477581
-5588,3000,29208.761102
-11576,3000,29217.767724
-4304,3000,29227.062397
-7592,3000,29236.294894
-6192,3000,29245.890447
-9628,3000,29254.961715
-8636,3000,29264.24054
-9340,3000,29273.360796
-6292,3000,29282.942856
-5012,3000,29292.452607
-1276,3000,29301.601116
-7704,3000,29310.900027
-9500,3000,29320.046787
-4520,3000,29329.385064
-2448,3000,29338.256377
-11304,3000,29347.59146
-10276,3000,29357.096732
-6584,3000,29366.502
-5324,3000,29375.832419
-5448,3000,29385.49883
-7300,3000,29394.895803
-2332,3000,29403.86392
-4432,3000,29413.087798
-7572,3000,29422.226342
-9212,3000,29431.450145
-7332,3000,29440.975871
-12704,3000,29450.463141
-320,3000,29460.012457
-12448,3000,29469.409099
-10100,3000,29479.134674
504,3000,29488.387628
-12188,3000,29497.786691
-2120,3000,29507.282387
-7388,3000,29516.530926
-7472,3000,29525.811248
-5400,3000,29535.550483
-10420,3000,29552.835443
-3176,3000,29562.474776
-8544,3000,29571.868413
-5208,3000,29580.95584
-7352,3000,29589.997572
-10836,3000,29599.204994
-8564,3000,29608.226481
-9612,3000,29618.024891
-8188,3000,29627.339545
-4448,3000,29636.661036
-7384,3000,29645.907312
-5320,3000,29655.114179
-6424,3000,29664.558624
-12340,3000,29674.144749
-3256,3000,29683.239927
704,3000,29692.822753
-11560,3000,29701.89742
-6344,3000,29711.098143
-7784,3000,29720.225961
-10572,3000,29729.60546
-8748,3000,29738.440992
-12500,3000,29747.769542
-6388,3000,29757.645051
-7384,3000,29766.790591
-5660,3000,29775.670351
-5412,3000,29785.285837
-5256,3000,29794.834243
-10288,3000,29805.405798
-9420,3000,29816.641409
-9292,3000,29827.751138
-7500,3000,29838.774471
-7344,3000,29848.912196
-9340,3000,29858.781551
-10528,3000,29868.953162
-11296,3000,29878.376925
-6496,3000,29888.966569
-5528,3000,29898.89198
-5392,3000,29908.71035
-4432,3000,29919.309688
-8636,3000,29928.621663
-5680,3000,29937.724305
-13384,3000,29948.299358
-7144,3000,29957.926331
-16204,3000,29969.676824
-5360,3000,29980.325463
-7516,3000,29989.830085
-3444,3000,29999.605714
-2448,3000,30009.767429
-10492,3000,30019.882407
2440,3000,30029.960164
-11828,3000,30040.822711
-12432,3000,30052.180079
-5180,3000,30063.271522
-3212,3000,30074.570324
-10480,3000,30083.554597
-1372,3000,30092.969523
-7204,3000,30102.772782
-9332,3000,30113.318582
-4112,3000,30123.827221
-10236,3000,30134.112672
-8412,3000,30144.931181
-6980,3000,30155.90207
-12112,3000,30167.165984
-9332,3000,30178.56415
-8320,3000,30189.244665
-13208,3000,30200.547852
-3164,3000,30220.106376
-4180,3000,30231.685469
-7464,3000,30244.388947
-4264,3000,30257.102501
-12644,3000,30272.968423
-9544,3000,30288.547681
-7128,3000,30303.35052
-1616,3000,30317.195703
-13316,3000,30332.535333
2600,3000,30342.002288
-16404,3000,30351.084
-8132,3000,30361.531857
-10492,3000,30370.894288
-3464,3000,30380.908818
-10376,3000,30391.280107
-8136,3000,30400.915311
-7320,3000,30410.862163
-652,3000,30420.675872
-9680,3000,30431.265577
-4492,3000,30441.616252
-2776,3000,30450.65541
-6360,3000,30459.871299
-7580,3000,30469.694257
-13392,3000,30478.498471
-8484,3000,30487.908281
-6300,3000,30497.52922
-7504,3000,30506.597063
-14300,3000,30516.107886
-5796,3000,30525.788084
-3540,3000,30535.043521
-4212,3000,30544.618749
-5132,3000,30554.912944
-6384,3000,30564.2369
-352,3000,30573.797521
-13644,3000,30583.032963
-12156,3000,30592.503731
-7308,3000,30602.420071
-7212,3000,30611.995868
4396,3000,30621.460896
-4164,3000,30630.902
-3560,3000,30639.727208
2556,3000,30648.937093
1472,3000,30658.831714
-10436,3000,30668.271425
-7040,3000,30677.800113
-19364,3000,30687.08188
-6152,3000,30696.580222
-8216,3000,30706.307832
-13556,3000,30716.107772
-6676,3000,30724.968787
-4116,3000,30734.279639
-8388,3000,30743.444918
-7528,3000,30752.534466
-4544,3000,30762.249887
-7608,3000,30771.290371
-5644,3000,30780.355429
-13388,3000,30789.737602
-8600,3000,30798.84848
-5376,3000,30808.173878
-13808,3000,30817.412401
-10264,3000,30826.616689
-10412,3000,30835.883471
-9336,3000,30845.281352
-4468,3000,30855.188463
-13332,3000,30865.345723
-3172,3000,30874.997183
-4384,3000,30884.629511
-7732,3000,30902.144474
-9568,3000,30911.291858
-7312,3000,30920.959927
-2484,3000,30930.218514
-9300,3000,30939.250822
-11568,3000,30948.562703
-3584,3000,30958.083042
-5208,3000,30967.293116
-8392,3000,30976.892935
-7604,3000,30986.510309
-3580,3000,30995.573869
-3044,3000,31004.784439
-6568,3000,31014.281647
-8384,3000,31023.434381
-4608,3000,31032.974866
-4564,3000,31042.140748
-8308,3000,31051.572912
-10532,3000,31060.860155
-7180,3000,31070.174325
-9444,3000,31079.741063
-1560,3000,31088.724056
-3296,3000,31097.970541
-9800,3000,31107.13535
-10636,3000,31116.363185
-6260,3000,31125.806155
-7604,3000,31135.17745
-9628,3000,31144.524295
-10400,3000,31154.290476
-5684,3000,31163.858797
-9272,3000,31173.428604
-8024,3000,31182.975008
-9464,3000,31192.270509
-4368,3000,31201.523026
-13516,3000,31211.036181
-7700,3000,31220.594762
-4192,3000,31230.2796
-8576,3000,31239.456162
-6244,3000,31248.900339
-5516,3000,31258.052088
-5036,3000,31267.467926
-9296,3000,31277.26368
-6128,3000,31286.497213
-11560,3000,31295.565596
-15700,3000,31304.796237
-9732,3000,31314.223567
-7568,3000,31323.649131
-7700,3000,31333.081144
-10512,3000,31342.624265
-6468,3000,31352.111884
-3392,3000,31362.103074
-10532,3000,31371.266845
-2620,3000,31380.586392
-4344,3000,31389.509121
-2272,3000,31398.900941
-4732,3000,31408.128294
-9688,3000,31417.303596
-5360,3000,31426.714173
-8496,3000,31436.2981
-5232,3000,31445.681189
-4612,3000,31454.736301
-13652,3000,31464.46797
-10492,3000,31473.971122
-3236,3000,31483.309166
-11748,3000,31492.408937
-11412,3000,31502.029054
-15580,3000,31512.400696
-4412,3000,31521.841928
-14476,3000,31538.962619
-6516,3000,31548.824214
-10408,3000,31558.424186
-9260,3000,31567.853044
-4500,3000,31577.33557
-9220,3000,31586.975458
-6764,3000,31596.288818
-3556,3000,31605.473171
-11688,3000,31614.792418
-8584,3000,31623.822457
-12380,3000,31632.755463
-6540,3000,31641.948858
-5556,3000,31650.931669
-6412,3000,31660.020353
-7244,3000,31669.121931
-8600,3000,31678.497699
-4676,3000,31688.169179
-6388,3000,31698.022051
-13424,3000,31707.54915
-11212,3000,31717.051329
-3476,3000,31726.738555
-3796,3000,31736.029047
-2544,3000,31745.383752
-13572,3000,31754.870189
-14372,3000,31764.10683
-1584,3000,31773.464932
-11368,3000,31782.733029
-10704,3000,31791.692418
-6428,3000,31800.752846
-10588,3000,31810.136349
-1576,3000,31819.488435
-7628,3000,31828.864737
-2592,3000,31837.947231
-3592,3000,31847.368709
-9520,3000,31856.252607
-4304,3000,31865.705143
-7256,3000,31875.333669
-7632,3000,31884.524916
-8508,3000,31894.138557
-8032,3000,31903.385324
-7452,3000,31912.736051
-14628,3000,31922.342774
-6328,3000,31931.655359
-4388,3000,31941.666857
-9432,3000,31951.166974
-7420,3000,31960.50613
-1332,3000,31969.772861
-6676,3000,31978.670566
-5744,3000,31988.040255
-2456,3000,31997.056049
-7360,3000,32006.666376
-3504,3000,32016.30094
-8396,3000,32025.476556
-6400,3000,32034.955697
-14640,3000,32044.325997
-224,3000,32054.044077
-7444,3000,32064.072893
-9308,3000,32073.175612
-8488,3000,32082.64888
-5260,3000,32092.199488
-6532,3000,32101.612903
-8452,3000,32111.242277
-7700,3000,32120.766067
-10540,3000,32130.399062
-9316,3000,32139.586431
-544,3000,32149.1777
-9596,3000,32166.099922
-11440,3000,32175.814582
-3404,3000,32185.150289
-4720,3000,32194.172961
-3376,3000,32203.9162
-19340,3000,32213.491343
-5316,3000,32223.088493
-8428,3000,32233.006678
-2628,3000,32242.14098
-6392,3000,32251.76815
-4564,3000,32261.29027
-9288,3000,32270.742538
-13176,3000,32280.523582
-4316,3000,32290.062054
-6548,3000,32299.51491
-3768,3000,32309.056806
-2484,3000,32318.694237
-4444,3000,32327.990575
-15636,3000,32337.631767
-10520,3000,32346.748284
-11576,3000,32356.467606
-6128,3000,32365.975516
-2564,3000,32374.753285
-4172,3000,32384.448863
-6420,3000,32394.313088
-9544,3000,32403.970691
-13628,3000,32413.528555
-9364,3000,32422.918708
-6488,3000,32432.220962
-1524,3000,32441.847814
-4548,3000,32451.24835
-11360,3000,32460.797745
-8412,3000,32469.949945
-1332,3000,32479.150049
-512,3000,32488.550268
-11236,3000,32498.063297
-7264,3000,32507.452359
-6368,3000,32517.195541
-7488,3000,32526.292935
-6508,3000,32535.439734
-3488,3000,32544.983514
-924,3000,32553.932085
-6308,3000,32563.522617
-8268,3000,32573.448484
-6536,3000,32582.410591
-10624,3000,32591.421327
-10304,3000,32600.58585
-624,3000,32609.683183
-8672,3000,32618.644422
-8372,3000,32628.092067
-3408,3000,32637.685588
-7504,3000,32647.171847
-6900,3000,32656.270003
-9184,3000,32665.641321
-12448,3000,32674.760325
-10680,3000,32683.997064
-8404,3000,32693.019512
-6376,3000,32702.491824
-1332,3000,32711.620756
-11432,3000,32720.592363
-3688,3000,32730.214741
-7344,3000,32739.788155
-7560,3000,32749.670548
-7588,3000,32758.797885
-2568,3000,32768.090983
-6564,3000,32777.280986
-2260,3000,32787.000038
-14504,3000,32804.385223
-4432,3000,32813.494339
-4536,3000,32823.245428
-11684,3000,32832.200318
-604,3000,32841.595488
-8512,3000,32851.571875
-11284,3000,32861.061715
-1556,3000,32870.536345
-17316,3000,32879.864841
-9436,3000,32889.541794
-9016,3000,32899.160181
-5364,3000,32908.655407
-3656,3000,32918.387912
-6400,3000,32928.027658
-9452,3000,32937.621988
-7544,3000,32946.773455
712,3000,32956.468033
-11344,3000,32965.897402
-13176,3000,32975.686603
-6388,3000,32985.541659
-8420,3000,32994.910492
-14604,3000,33004.261046
-8536,3000,33013.659166
-5532,3000,33023.059116
-19236,3000,33032.510666
-9072,3000,33042.09347
-8592,3000,33051.680112
-12424,3000,33061.583174
-10608,3000,33070.561699
-7268,3000,33079.857387
-8588,3000,33089.959106
-3396,3000,33099.562641
-2488,3000,33108.847285
-5716,3000,33118.123427
-11492,3000,33127.359184
-4048,3000,33136.884033
-1456,3000,33146.029361
-10500,3000,33155.746725
-8700,3000,33165.266291
-9564,3000,33174.908088
-13440,3000,33184.072393
-4576,3000,33193.757762
-11100,3000,33203.627796
-11520,3000,33213.165507
-7340,3000,33222.81355
-10328,3000,33232.833023
-9664,3000,33242.37475
-5988,3000,33251.707483
-4480,3000,33260.859102
-6576,3000,33270.17735
-4504,3000,33279.44787
-5696,3000,33288.983644
-10356,3000,33298.807972
-9420,3000,33308.099634
-7664,3000,33317.62372
-3336,3000,33327.353622
-4348,3000,33337.049465
-13756,3000,33346.404865
-3644,3000,33355.699329
-8644,3000,33365.192236
-8396,3000,33374.969471
-12256,3000,33384.597833
-5512,3000,33393.627594
-6944,3000,33402.77558
-12260,3000,33412.112912
-3404,3000,33421.41681
-7356,3000,33431.047797
-8384,3000,33448.320874
-8596,3000,33457.381778
-6396,3000,33466.725327
-3444,3000,33475.77704
-11424,3000,33485.20536
-4444,3000,33495.208794
-5236,3000,33505.164529
-10680,3000,33514.726351
-2364,3000,33524.168558
-3712,3000,33534.148499
-10340,3000,33543.506651
-5592,3000,33552.639287
-5188,3000,33562.088531
-7284,3000,33571.701139
-8364,3000,33581.15376
-12560,3000,33590.997753
-9244,3000,33600.757897
-3672,3000,33609.823154
-15252,3000,33619.302154
-7488,3000,33628.655333
-7512,3000,33637.917606
-7740,3000,33647.462533
-11572,3000,33656.580374
-9512,3000,33665.855688
-6536,3000,33675.246668
-11404,3000,33684.664559
-5492,3000,33693.950264
-5796,3000,33703.353355
-2352,3000,33713.308512
-8352,3000,33722.923661
-6320,3000,33732.745524
-11212,3000,33742.281896
-5256,3000,33751.930323
-8140,3000,33761.408926
-12652,3000,33770.789605
-10612,3000,33780.332114
-11540,3000,33789.742187
-7504,3000,33799.759942
-7476,3000,33809.325778
-6560,3000,33818.480618
-7232,3000,33827.895023
-5492,3000,33837.451297
-9608,3000,33847.029645
688,3000,33856.247184
-2424,3000,33865.85393
-8456,3000,33875.328952
-3248,3000,33884.821672
-5444,3000,33894.514966
-2540,3000,33903.521733
-3300,3000,33912.899881
-9472,3000,33922.66672
-496,3000,33932.299898
-6568,3000,33941.794907
-5204,3000,33950.871987
-10688,3000,33960.158248
-9388,3000,33969.31165
-5568,3000,33978.724899
-16532,3000,33988.249919
-2524,3000,33997.533504
-10504,3000,34006.772763
-7236,3000,34016.2193
-14744,3000,34025.530578
-4424,3000,34035.004467
-2416,3000,34044.543297
-4304,3000,34054.070173
-6288,3000,34063.374122
-8456,3000,34081.147031
-5084,3000,34090.777775
-7720,3000,34100.106296
-12444,3000,34109.611788
-11324,3000,34118.912613
-8436,3000,34128.174826
-9744,3000,34137.617333
-11388,3000,34147.158722
-5480,3000,34156.35801
-10488,3000,34165.793071
-11624,3000,34175.257045
-4400,3000,34185.069287
-8320,3000,34194.476411
-12444,3000,34203.627932
-5276,3000,34213.214062
-11672,3000,34222.402886
-9400,3000,34232.031221
-7920,3000,34241.893842
-8416,3000,34250.97413
-8460,3000,34260.846997
-4656,3000,34270.165299
-8424,3000,34279.680995
-5668,3000,34288.88923
-1456,3000,34297.903062
-15172,3000,34307.556957
-8516,3000,34317.032014
-3388,3000,34326.357459
-9176,3000,34335.639292
-5512,3000,34344.907911
-5612,3000,34354.335937
-10432,3000,34363.966945
-8424,3000,34373.347525
-676,3000,34382.997626
-5576,3000,34392.519328
-3824,3000,34401.946802
-10528,3000,34411.194304
-396,3000,34420.7206
-9200,3000,34430.281425
-4148,3000,34439.937817
-2360,3000,34449.691499
-324,3000,34459.135262
-13888,3000,34468.958979
-6364,3000,34478.735495
-1392,3000,34488.382408
-3724,3000,34497.882513
-14504,3000,34506.95488
-9552,3000,34516.600025
-6396,3000,34526.287333
-20196,3000,34535.659992
-9056,3000,34545.500555
-6252,3000,34554.906764
-5320,3000,34564.384533
-4476,3000,34574.010399
-7520,3000,34583.597461
-10056,3000,34593.352502
-17544,3000,34602.920856
-15396,3000,34612.811713
-10484,3000,34622.252256
-3268,3000,34631.696205
-3328,3000,34641.121597
-1356,3000,34651.098518
-2484,3000,34660.855308
-11608,3000,34670.326523
-14424,3000,34680.175664
-9516,3000,34689.671885
-8472,3000,34699.295186
-9360,3000,34709.222323
-5780,3000,34726.678316
-3716,3000,34736.14214
-2664,3000,34745.466044
-13616,3000,34754.805074
-11436,3000,34764.275146
-7564,3000,34773.448694
-5588,3000,34783.013714
-7460,3000,34792.643961
-4308,3000,34802.058788
-4144,3000,34811.832357
-10436,3000,34821.211725
-4680,3000,34830.540548
-9672,3000,34839.994068
-9428,3000,34849.526791
-3204,3000,34859.066033
-8312,3000,34868.405515
-15372,3000,34877.859786
-6500,3000,34887.061956
-7308,3000,34896.250418
-8492,3000,34905.788932
-5536,3000,34915.382806
-7484,3000,34924.604942
-10556,3000,34934.060899
-3404,3000,34943.530898
-11544,3000,34953.119874
-3604,3000,34962.108069
-15192,3000,34971.528533
-8236,3000,34980.994284
-11308,3000,34990.366873
-10396,3000,34999.420856
-4340,3000,35009.019222
-5496,3000,35018.181342
-3416,3000,35027.367162
-14536,3000,35036.707705
-9352,3000,35045.838294
-3380,3000,35055.091252
-4188,3000,35064.450222
-18480,3000,35073.966475
-6344,3000,35083.010714
-4392,3000,35092.293541
-8328,3000,35101.792743
-8500,3000,35111.165503
-4616,3000,35120.729503
-7472,3000,35130.571556
-4236,3000,35139.737571
-6408,3000,35149.094453
-7484,3000,35158.840676
-7392,3000,35168.230997
-9724,3000,35177.32878
-3608,3000,35186.564634
-5568,3000,35195.94421
-7328,3000,35205.801933
-4464,3000,35215.240431
-8328,3000,35224.762599
-8512,3000,35234.432489
-8384,3000,35243.628855
-2168,3000,35253.266261
-10712,3000,35262.319987
-1500,3000,35271.576632
-4948,3000,35280.792103
2532,3000,35290.273557
-13124,3000,35300.093798
-4612,3000,35309.591349
-1664,3000,35319.059677
-8408,3000,35328.710368
-8480,3000,35338.204289
-3420,3000,35347.837536
-8116,3000,35365.212589
-2444,3000,35374.619713
-7808,3000,35383.821227
-11252,3000,35393.108656
-6448,3000,35402.809927
-7472,3000,35412.40206
-16624,3000,35422.281353
-1436,3000,35431.955349
-6488,3000,35441.165886
-5292,3000,35450.759598
-624,3000,35460.607035
-5144,3000,35470.016115
-8732,3000,35479.19392
-7456,3000,35488.653965
-5324,3000,35497.958249
-5716,3000,35507.547588
-7224,3000,35517.10437
-6484,3000,35526.644085
-5456,3000,35535.915265
-4300,3000,35545.328184
-12656,3000,35554.92107
-2260,3000,35564.909864
-8412,3000,35573.966939
-7684,3000,35583.157839
-12344,3000,35592.67763
-8324,3000,35602.277934
-6768,3000,35611.924902
-11308,3000,35621.3821
-544,3000,35630.858151
-11520,3000,35640.385576
-6196,3000,35649.739308
-7584,3000,35659.299175
-4284,3000,35668.563416
-2192,3000,35678.215975
-4424,3000,35687.783275
-1664,3000,35697.286834
-3556,3000,35706.770041
-12544,3000,35716.131689
-6792,3000,35725.423565
-3568,3000,35735.209432
-4312,3000,35744.334635
-13528,3000,35754.196459
-8688,3000,35763.2824
-6448,3000,35772.933226
-3248,3000,35782.426306
-2460,3000,35791.80549
-9548,3000,35801.549008
-10140,3000,35810.862926
-3528,3000,35820.434838
-15336,3000,35829.958985
-5516,3000,35839.055608
-7764,3000,35848.450702
-10436,3000,35858.125092
-6764,3000,35867.719474
-11124,3000,35877.28072
-11660,3000,35886.775174
-10312,3000,35896.285036
-9328,3000,35905.521219
-7584,3000,35915.022863
-12556,3000,35923.966459
-492,3000,35933.566935
-3504,3000,35942.980498
-12320,3000,35952.186157
-11436,3000,35961.48807
-2072,3000,35971.007244
-4464,3000,35980.394615
-7652,3000,35997.513397
-7640,3000,36007.325033
-9252,3000,36016.77119
-6580,3000,36026.351376
-7256,3000,36035.755969
-8684,3000,36044.881754
-4456,3000,36054.470326
-4596,3000,36064.004438
-7476,3000,36073.43072
-9604,3000,36082.547377
-12460,3000,36092.094517
-10532,3000,36101.679365
-6636,3000,36110.945798
-9476,3000,36120.514817
-12388,3000,36130.022648
-4592,3000,36139.540643
-9496,3000,36148.851018
-10160,3000,36158.16406
-10476,3000,36167.586765
-9376,3000,36177.034042
-4324,3000,36186.494608
-8680,3000,36195.78484
-2124,3000,36205.452302
-4100,3000,36214.995863
-12336,3000,36224.694998
-4532,3000,36234.107147
-792,3000,36243.365546
-5484,3000,36253.382337
-6684,3000,36262.948115
-10360,3000,36272.555326
-7508,3000,36282.302698
-8552,3000,36291.568173
-9752,3000,36300.921108
2552,3000,36310.326143
-3692,3000,36319.726483
-8320,3000,36329.108126
-13520,3000,36338.559795
-6532,3000,36348.377972
-9832,3000,36357.809429
-4304,3000,36367.15252
-6360,3000,36376.481995
-7140,3000,36386.115702
-11776,3000,36395.411848
-10036,3000,36405.019279
-8716,3000,36414.154567
-9420,3000,36423.381216
-7408,3000,36432.525439
-4320,3000,36442.022433
-7380,3000,36451.120535
-5396,3000,36460.334102
-17372,3000,36470.186245
-9256,3000,36479.521533
-1584,3000,36488.653557
-9316,3000,36498.330135
-4552,3000,36507.469767
-7416,3000,36517.072111
-10128,3000,36526.439173
-3336,3000,36535.895999
-2732,3000,36545.278479
476,3000,36554.348731
-9496,3000,36563.587691
-272,3000,36573.000492
-6424,3000,36583.19257
-5268,3000,36592.695516
-10288,3000,36602.286362
-6240,3000,36611.922614
-5532,3000,36621.518969
-3572,3000,36638.913655
-8460,3000,36648.576478
-6660,3000,36657.599906
-1420,3000,36667.158826
-9440,3000,36676.644459
-4432,3000,36685.893925
-5628,3000,36695.635741
-2544,3000,36705.162024
-6424,3000,36714.565564
-14744,3000,36724.301399
-5296,3000,36733.668659
-4308,3000,36742.914178
1632,3000,36752.312544
-1360,3000,36761.419555
-12468,3000,36771.050192
-10528,3000,36780.670099
-260,3000,36789.995005
-16472,3000,36799.536928
-7352,3000,36808.999882
-8624,3000,36818.760125
-3668,3000,36828.166099
-6628,3000,36837.8866
-9416,3000,36847.418934
-4476,3000,36856.712603
-8312,3000,36866.145213
-13412,3000,36875.492497
-9512,3000,36885.190347
-2592,3000,36894.55404
-4628,3000,36903.677868
-3724,3000,36912.934452
-10580,3000,36922.471703
-4340,3000,36931.524092
448,3000,36941.226789
-7680,3000,36950.892858
-2556,3000,36960.488885
-4248,3000,36970.10555
-10348,3000,36979.135164
-6540,3000,36988.635139
-14280,3000,36998.038276
-2608,3000,37007.232291
-9496,3000,37016.727851
-8176,3000,37025.918198
-6572,3000,37035.045755
-6564,3000,37044.420611
-7316,3000,37053.879463
-4396,3000,37063.095918
-10552,3000,37072.449051
-7396,3000,37082.025326
-6452,3000,37091.291254
-11320,3000,37100.969408
-4412,3000,37109.891059
-7376,3000,37119.757552
-5492,3000,37129.402309
-4540,3000,37138.669756
-4212,3000,37148.356151
-7844,3000,37157.811896
-8408,3000,37167.414601
-3720,3000,37176.941378
-10340,3000,37186.117359
-7452,3000,37195.81836
-4512,3000,37205.144463
-2220,3000,37214.480083
-8304,3000,37224.112615
-9412,3000,37233.327278
-17544,3000,37242.747598
-10460,3000,37252.210223
-8452,3000,37261.820933
-3588,3000,37279.215865
-11396,3000,37288.55834
-6112,3000,37298.188539
-14204,3000,37307.819526
-8696,3000,37316.938354
-1536,3000,37326.4784
-9296,3000,37336.512606
-2760,3000,37345.720191
-5356,3000,37355.073919
-10736,3000,37364.240111
-1648,3000,37373.470583
-1496,3000,37382.617658
-11800,3000,37392.131455
-10020,3000,37402.070036
-13368,3000,37411.545965
-1484,3000,37421.192468
-9612,3000,37430.527749
-9532,3000,37440.499804
-5320,3000,37450.179274
-6480,3000,37459.590184
-10680,3000,37469.158629
-10320,3000,37478.483421
-6380,3000,37487.9727
-11772,3000,37497.231374
-12564,3000,37506.933952
-10268,3000,37516.575766
-1080,3000,37526.003727
-10656,3000,37535.662086
-13104,3000,37545.43356
-7652,3000,37555.380259
-11288,3000,37565.060532
-4304,3000,37574.279691
-6544,3000,37583.691299
-8268,3000,37593.001507
-4684,3000,37602.611103
-6432,3000,37612.058656
-6136,3000,37621.419487
-8452,3000,37630.68275
-7320,3000,37640.007156
-8232,3000,37649.883195
-5388,3000,37659.275654
-4420,3000,37668.58137
-396,3000,37678.044982
-9516,3000,37687.945234
-12412,3000,37697.605728
-8436,3000,37707.151049
-5228,3000,37716.569284
-4596,3000,37726.23179
-11408,3000,37736.061228
-5380,3000,37745.566367
-11296,3000,37755.050932
-13448,3000,37764.738316
-3360,3000,37774.515969
-3392,3000,37784.129195
-6636,3000,37793.819323
-7668,3000,37803.375094
-4476,3000,37812.811815
-8392,3000,37822.218535
-7292,3000,37831.757732
-3180,3000,37841.676583
-12628,3000,37851.511611
-1452,3000,37860.987533
-8452,3000,37870.213593
-12412,3000,37879.543382
-7592,3000,37889.366232
-15152,3000,37899.348988
-11916,3000,37916.406444
-10068,3000,37926.254526
-10636,3000,37935.712065
-4416,3000,37945.208617
-10528,3000,37954.616266
-5440,3000,37964.242087
-7516,3000,37973.795375
-12644,3000,37983.222977
-1416,3000,37992.330028
-4476,3000,38001.753307
-7984,3000,38011.139779
-7660,3000,38020.747529
-1596,3000,38030.016757
-1504,3000,38039.726958
-11572,3000,38049.522438
-12512,3000,38059.170199
-4148,3000,38068.774414
-10368,3000,38077.778327
-1516,3000,38087.062666
-9368,3000,38096.384011
-4640,3000,38105.401797
-2280,3000,38114.927748
-10564,3000,38124.45021
-6336,3000,38134.396346
-8500,3000,38144.025966
-8612,3000,38153.324145
-7496,3000,38162.940063
-4604,3000,38172.288929
-2828,3000,38181.35603
-2520,3000,38190.748504
-5400,3000,38200.261605
-6432,3000,38209.408292
-12272,3000,38218.711254
-10152,3000,38228.170573
-8256,3000,38237.782095
-14508,3000,38247.214018
-3292,3000,38256.485672
-7208,3000,38265.921387
-1364,3000,38275.248075
-9100,3000,38284.54091
-2484,3000,38294.313028
-8440,3000,38303.528853
-4544,3000,38313.087394
-13276,3000,38322.328206
-2388,3000,38331.507558
-2548,3000,38341.073198
-4368,3000,38350.303776
-5568,3000,38360.05771
-3792,3000,38369.656906
-1620,3000,38378.984912
-11764,3000,38388.623539
-4552,3000,38397.939066
-9508,3000,38407.439031
-7328,3000,38417.16406
-2288,3000,38426.38674
-8228,3000,38435.595752
-7736,3000,38445.076825
-5688,3000,38454.304713
-3404,3000,38464.077932
-12612,3000,38473.745639
-9356,3000,38483.483851
-568,3000,38492.752029
-6376,3000,38501.796754
-8568,3000,38511.149517
-4380,3000,38520.616005
-2368,3000,38530.329541
-13580,3000,38539.847269
-14972,3000,38557.356756
-13576,3000,38566.903914
-8412,3000,38576.057767
-5340,3000,38585.695491
-4140,3000,38595.317937
-3260,3000,38604.471191
-11352,3000,38613.650862
-7488,3000,38623.100289
-2544,3000,38632.494792
-10164,3000,38642.460706
-5476,3000,38651.935405
-5416,3000,38661.253015
-2684,3000,38670.664885
-8560,3000,38680.220028
-7484,3000,38689.858756
-5576,3000,38699.450762
-6576,3000,38708.677201
-7516,3000,38718.091719
-6324,3000,38727.659731
-4704,3000,38736.991833
-7548,3000,38746.458334
-13760,3000,38755.727446
-4620,3000,38764.968949
-15544,3000,38774.379499
-6816,3000,38783.837165
-13404,3000,38793.054371
-4268,3000,38802.522293
-4316,3000,38811.90661
-112,3000,38821.359271
-13352,3000,38830.532088
-6572,3000,38839.531226
-20320,3000,38849.008044
-7140,3000,38858.432484
-12344,3000,38868.103414
-6444,3000,38877.665149
-4340,3000,38887.020045
-3348,3000,38896.128687
-324,3000,38905.718776
-4104,3000,38915.47648
-4376,3000,38925.294894
-11372,3000,38934.307343
-8640,3000,38943.898801
-10428,3000,38953.262247
1416,3000,38962.356996
-9616,3000,38972.086925
-11584,3000,38981.429071
-10228,3000,38990.895599
-12440,3000,39000.555795
-6632,3000,39009.921663
-8592,3000,39019.097164
-9436,3000,39028.28237
-5492,3000,39037.763823
-4312,3000,39046.784705
-10360,3000,39056.296642
-10280,3000,39065.683658
-8600,3000,39075.476413
-9596,3000,39084.53341
-2436,3000,39094.034031
-11344,3000,39103.609161
-11468,3000,39112.870334
-7256,3000,39122.317183
-252,3000,39131.97047
-11584,3000,39141.049467
-9380,3000,39149.965223
-4356,3000,39159.320578
-9512,3000,39168.375927
-2608,3000,39177.860961
-8324,3000,39195.350381
-3556,3000,39204.745541
-8680,3000,39214.137273
-10756,3000,39223.101349
-3536,3000,39232.515281
-7544,3000,39241.811353
-8432,3000,39251.132989
-8216,3000,39260.482087
-11464,3000,39269.990325
-6248,3000,39279.136319
-7376,3000,39288.427979
-10292,3000,39298.204908
-316,3000,39307.239834
-9532,3000,39316.504011
-2492,3000,39325.447695
-5728,3000,39334.376925
-8524,3000,39343.641401
-3232,3000,39352.771013
-3476,3000,39361.777226
-12496,3000,39371.46303
-8496,3000,39380.638105
-4424,3000,39389.721108
-3412,3000,39398.838298
-9668,3000,39408.642142
-5340,3000,39418.159263
-8356,3000,39427.43987
-9368,3000,39437.003093
-9804,3000,39445.952843
-3240,3000,39455.596545
-8452,3000,39464.967989
-4388,3000,39474.177298
-10492,3000,39483.643079
-8352,3000,39493.083505
-7552,3000,39502.984087
-3300,3000,39512.577344
-7264,3000,39521.974751
-1488,3000,39531.018563
-8668,3000,39540.371891
-676,3000,39549.7718
-9452,3000,39558.947663
-3448,3000,39568.50607
-5312,3000,39578.301861
-7620,3000,39588.192214
-516,3000,39597.559291
-404,3000,39606.653789
-4380,3000,39616.357597
-5512,3000,39625.623683
-8092,3000,39634.806853
-8188,3000,39644.353104
-9560,3000,39653.841418
-4344,3000,39663.353796
-10504,3000,39672.984419
-4504,3000,39682.380185
-15420,3000,39691.566362
-5616,3000,39700.86478
-3432,3000,39710.129861
-7440,3000,39719.966334
-5252,3000,39729.579255
-6588,3000,39738.924633
-8320,3000,39748.226728
-4448,3000,39757.644163
-6664,3000,39766.90509
-6512,3000,39776.610833
-9520,3000,39786.302769
-4456,3000,39795.551431
-2192,3000,39805.128639
-2332,3000,39822.033836
-8468,3000,39831.586009
-8492,3000,39841.455321
-8508,3000,39850.697814
-3456,3000,39860.233245
-6404,3000,39869.622721
-8456,3000,39878.975726
1532,3000,39888.401126
-12420,3000,39897.683314
-6444,3000,39907.183406
-7416,3000,39916.775024
-3296,3000,39926.320746
-11040,3000,39935.92108
-7224,3000,39945.484894
-5100,3000,39954.500878
-7216,3000,39964.137213
-4556,3000,39973.610611
-6024,3000,39982.811479
-5712,3000,39992.401996
-5628,3000,40001.378738
-12392,3000,40010.971074
-3444,3000,40020.347667
1384,3000,40029.502872
-8524,3000,40039.310422
-5488,3000,40048.683255
-4664,3000,40057.885727
-9488,3000,40067.115048
1312,3000,40076.350951
-11624,3000,40086.044887
-4440,3000,40095.344706
-7412,3000,40104.824532
-10720,3000,40113.988503
-12304,3000,40123.196833
-6276,3000,40132.943548
-12532,3000,40142.545372
-9476,3000,40152.041466
-1176,3000,40161.453393
-3456,3000,40170.993209
-3488,3000,40180.779496
-12480,3000,40189.861017
-14288,3000,40199.214178
-8640,3000,40208.896529
-9468,3000,40218.47733
-8608,3000,40227.943151
-2368,3000,40236.890555
-8396,3000,40246.122578
-7344,3000,40255.150523
-8528,3000,40264.682683
-6360,3000,40274.411145
-7276,3000,40284.054357
-10392,3000,40293.823925
-6456,3000,40303.262908
-13560,3000,40312.99243
-13440,3000,40322.6893
-5380,3000,40331.720123
-5656,3000,40341.064932
-6388,3000,40350.225091
-10156,3000,40359.669096
-5372,3000,40369.165873
-3592,3000,40378.515308
-1268,3000,40388.278876
-5668,3000,40397.397858
-9624,3000,40406.688921
-3184,3000,40416.36679
-9344,3000,40425.953791
-7892,3000,40435.091543
-12400,3000,40444.338582
-9152,3000,40461.839178
-10428,3000,40470.982735
-4528,3000,40480.193889
-5360,3000,40489.705549
-4436,3000,40499.561024
-2648,3000,40509.140568
-6464,3000,40518.722749
-8104,3000,40528.481908
-12384,3000,40537.600901
-8264,3000,40547.641786
-10564,3000,40556.601873
-4056,3000,40566.540861
-2352,3000,40576.165223
-3536,3000,40585.79177
-12292,3000,40595.396882
-5432,3000,40604.75325
-9260,3000,40614.075284
376,3000,40623.803168
-8640,3000,40633.605102
-6440,3000,40643.139684
-7512,3000,40652.32762
-11472,3000,40661.674765
-7352,3000,40671.705928
-8684,3000,40681.122165
-6744,3000,40690.201636
-7292,3000,40699.893751
-1420,3000,40709.395633
-10512,3000,40718.765242
-7132,3000,40728.209994
-3236,3000,40737.603638
-14268,3000,40746.979808
-3756,3000,40756.583468
-4304,3000,40766.346031
-6588,3000,40776.10941
-10616,3000,40785.063628
-9488,3000,40794.489823
-416,3000,40803.886625
-12376,3000,40813.289108
-1560,3000,40822.733579
-10392,3000,40832.668419
-8588,3000,40842.287609
-8644,3000,40851.429416
-4332,3000,40861.059139
-536,3000,40870.696522
-11316,3000,40880.413491
-528,3000,40890.049655
-10256,3000,40899.49769
-7432,3000,40909.192655
580,3000,40918.319442
-9388,3000,40928.517146
-12584,3000,40937.893258
-2476,3000,40947.271227
-9652,3000,40957.289357
-7480,3000,40966.974667
-4496,3000,40976.604975
-3500,3000,40986.058658
-6576,3000,40995.505201
-6488,3000,41005.237653
-9308,3000,41014.913842
-3580,3000,41024.157073
-7396,3000,41033.762448
-6332,3000,41043.176297
-10312,3000,41052.926318
-5440,3000,41061.895369
-1532,3000,41071.218617
-8348,3000,41080.641077
-9484,3000,41090.464288
-5452,3000,41107.887423
-14332,3000,41117.745935
-5296,3000,41127.309709
-13620,3000,41137.154885
-11308,3000,41146.61061
-5520,3000,41155.769344
-8380,3000,41165.530161
-2312,3000,41174.671315
-5324,3000,41184.208217
-4428,3000,41193.636854
-3688,3000,41202.606913
-13572,3000,41212.344186
-1712,3000,41221.789711
-6380,3000,41231.414503
-3300,3000,41240.541848
-7384,3000,41250.045175
-10316,3000,41259.635692
-5608,3000,41269.085704
-5236,3000,41278.967454
-7268,3000,41288.748119
-372,3000,41297.974111
-13600,3000,41307.568459
-6724,3000,41316.851037
-3368,3000,41326.509813
-8508,3000,41336.169936
-12500,3000,41345.525919
-3548,3000,41354.981184
-7704,3000,41364.40776
-5448,3000,41373.88288
-224,3000,41383.474591
-9444,3000,41392.659149
-7296,3000,41402.11507
-6676,3000,41411.110351
-11740,3000,41420.471728
-3532,3000,41429.7887
-8312,3000,41438.941708
-16412,3000,41448.256235
-7356,3000,41457.69188
-3224,3000,41467.024954
-556,3000,41476.392341
-8216,3000,41485.996022
-10204,3000,41495.402559
-7244,3000,41505.012197
-4316,3000,41514.343094
-12552,3000,41523.917905
-5392,3000,41533.43658
-10452,3000,41542.635043
-4404,3000,41552.019528
-3456,3000,41561.419454
-12500,3000,41570.954976
-8472,3000,41580.340078
-10820,3000,41589.845977
-4140,3000,41599.629261
-6768,3000,41608.785437
-13372,3000,41618.606873
-8156,3000,41628.388752
-8452,3000,41637.87662
-6216,3000,41647.148708
-9496,3000,41656.420424
-6488,3000,41665.600331
-11488,3000,41674.88701
-7272,3000,41684.7602
-6276,3000,41694.372813
-9516,3000,41703.932513
-10600,3000,41713.631427
1672,3000,41723.079736
-3356,3000,41740.626885
-6320,3000,41749.863453
-14668,3000,41758.970934
-6104,3000,41768.857623
-9328,3000,41778.343849
-1096,3000,41788.069064
-14356,3000,41797.503504
-8308,3000,41806.900224
-15684,3000,41816.47134
-10252,3000,41826.255326
-19472,3000,41836.014251
-16300,3000,41845.772583
-340,3000,41855.18616
-5384,3000,41864.636549
-8344,3000,41874.164136
-18264,3000,41883.55808
-12224,3000,41893.038129
-4288,3000,41902.644753
-6300,3000,41911.828902
-6472,3000,41920.977915
-3292,3000,41930.395093
-3560,3000,41940.059906
-10740,3000,41949.627321
-3268,3000,41959.00007
-13488,3000,41968.418542
-1220,3000,41977.743178
-8720,3000,41987.144156
-1268,3000,41996.192294
-10220,3000,42005.90887
-11536,3000,42015.623925
-3484,3000,42025.070272
-9000,3000,42034.740692
-10568,3000,42044.269361
-14120,3000,42053.921615
-14356,3000,42063.6947
1324,3000,42072.895014
-10712,3000,42082.149014
-11312,3000,42091.414301
-2184,3000,42100.775861
-3656,3000,42110.217226
-3392,3000,42119.797846
-8644,3000,42129.127504
-11428,3000,42139.080476
-6256,3000,42148.584512
-3472,3000,42157.737723
-8612,3000,42167.29836
-11216,3000,42176.563679
-15352,3000,42186.408352
-4576,3000,42195.961236
-7412,3000,42205.01787
-8360,3000,42214.549538
-4516,3000,42223.740187
-8544,3000,42233.428844
-4380,3000,42242.966621
-2328,3000,42252.337758
-11548,3000,42261.862251
-7348,3000,42271.088372
-8144,3000,42280.719258
-8416,3000,42289.967672
-3488,3000,42299.310779
-5444,3000,42308.607972
-8592,3000,42318.174702
-4108,3000,42327.718258
-9204,3000,42337.707594
-2708,3000,42347.000021
-6676,3000,42356.167896
-11288,3000,42366.128972
-2152,3000,42384.124548
-6732,3000,42393.543272
-7444,3000,42403.025871
-10584,3000,42412.372417
-10452,3000,42422.171111
-5192,3000,42431.36365
-5244,3000,42441.012753
-17308,3000,42450.320265
-6320,3000,42459.836416
-6564,3000,42469.351049
-4668,3000,42478.786572
-4376,3000,42488.551064
-10624,3000,42497.615888
-7528,3000,42506.98746
-6536,3000,42516.335512
-14612,3000,42525.351632
-700,3000,42534.90801
-13316,3000,42544.376544
-9120,3000,42554.274241
-7700,3000,42563.319972
-8496,3000,42572.64804
-6360,3000,42582.49507
-15508,3000,42591.995681
-3372,3000,42601.207588
-4376,3000,42610.69634
-11452,3000,42619.978685
-7408,3000,42629.303065
-9284,3000,42638.80816
-8520,3000,42648.283998
-7232,3000,42657.953842
-5256,3000,42667.26057
-2224,3000,42676.705391
-4400,3000,42685.982859
-5228,3000,42695.830902
-3988,3000,42705.461427
-6320,3000,42715.068469
-4292,3000,42724.51481
-11396,3000,42734.474899
-8632,3000,42744.137455
-15220,3000,42753.501961
-7288,3000,42763.060513
-7488,3000,42772.572454
-5652,3000,42782.081642
-6476,3000,42792.357069
-11416,3000,42801.92835
-12208,3000,42811.529442
-6464,3000,42821.019138
-8132,3000,42830.45957
-6476,3000,42840.095668
-9260,3000,42849.60819
-11600,3000,42858.790241
-9252,3000,42868.31651
-2248,3000,42878.033007
2620,3000,42887.781822
-9716,3000,42897.164632
520,3000,42907.091815
-11444,3000,42916.610738
-8536,3000,42926.046053
-8424,3000,42935.698755
-7380,3000,42944.96804
-4336,3000,42954.490941
-5660,3000,42964.064552
-8436,3000,42973.590145
-4576,3000,42983.259932
-9668,3000,42992.295963
-8712,3000,43001.672584
-6704,3000,43011.414422
-10120,3000,43029.646473
-10248,3000,43039.388621
-3136,3000,43049.603236
-5468,3000,43059.07338
-5608,3000,43068.236137
-10392,3000,43078.098105
-7444,3000,43087.933756
-8428,3000,43097.502533
-5140,3000,43106.878331
-18140,3000,43116.504305
-5568,3000,43126.392336
-7496,3000,43135.909152
-7856,3000,43145.453895
-4340,3000,43154.761258
-2164,3000,43164.520893
-12412,3000,43173.833415
-264,3000,43183.48114
-5516,3000,43193.20937
-15484,3000,43203.216758
-6308,3000,43212.584236
-5288,3000,43222.169405
-7356,3000,43231.741946
-8372,3000,43241.548801
-3496,3000,43251.289819
-12336,3000,43260.70175
-8420,3000,43270.608119
-3164,3000,43280.0133
-4336,3000,43289.55585
416,3000,43298.852582
-3704,3000,43308.433249
-13352,3000,43318.068744
-2028,3000,43327.533601
-8096,3000,43337.000119
-6468,3000,43346.145953
-8320,3000,43355.436584
-9532,3000,43364.758931
-11124,3000,43373.975922
-2324,3000,43383.487908
-2564,3000,43392.747992
-4620,3000,43402.192487
-10436,3000,43411.689785
-13332,3000,43421.543554
-4292,3000,43431.333502
-10608,3000,43440.949902
-13316,3000,43450.350765
-7532,3000,43459.713157
-5416,3000,43469.336187
-4184,3000,43478.920083
-6320,3000,43488.532416
-6616,3000,43498.209488
-8508,3000,43507.576819
-10096,3000,43517.180303
-6528,3000,43526.73985
-11232,3000,43536.205332
-11456,3000,43545.365644
-9688,3000,43554.771716
-12348,3000,43564.052688
-13648,3000,43573.685345
-9136,3000,43583.091759
-11420,3000,43592.781884
-3400,3000,43602.332892
-12740,3000,43611.800011
-6352,3000,43621.260129
-14388,3000,43631.033379
-1420,3000,43640.344982
-7280,3000,43649.77072
-3376,3000,43667.294795
-8428,3000,43676.980517
-6476,3000,43686.329894
-8380,3000,43695.658384
-12304,3000,43704.953773
-10644,3000,43714.621116
-13436,3000,43724.01473
-1616,3000,43733.681808
-17536,3000,43743.130826
-12496,3000,43752.410331
-7348,3000,43761.89697
-2304,3000,43771.139985
-8136,3000,43781.158581
-12620,3000,43790.297629
-9688,3000,43800.022156
-4540,3000,43809.417248
-6572,3000,43818.969245
-5476,3000,43828.633371
-7584,3000,43838.23999
-9272,3000,43848.043051
-11484,3000,43857.483875
-10480,3000,43867.192931
-11528,3000,43876.407185
-2324,3000,43885.960781
-6272,3000,43895.655916
-3340,3000,43905.272199
-3440,3000,43914.745946
-4420,3000,43924.136327
-6416,3000,43933.217188
-4272,3000,43943.286718
-4704,3000,43952.2684
-4276,3000,43962.072995
-14396,3000,43971.175381
-624,3000,43980.206011
-9536,3000,43989.7178
-616,3000,43998.944413
-3488,3000,44008.623195
-5352,3000,44018.299226
-11184,3000,44027.981705
-6708,3000,44037.716115
-1324,3000,44046.923783
-7256,3000,44056.65453
-8344,3000,44065.961419
-2416,3000,44074.999061
-8704,3000,44084.209881
-4372,3000,44093.695133
-5856,3000,44103.081589
-8592,3000,44113.214091
-11552,3000,44122.756099
-2460,3000,44132.075723
-10328,3000,44141.564228
-2088,3000,44150.749022
-4336,3000,44160.388046
-3744,3000,44169.705452
-11248,3000,44179.377602
-3536,3000,44188.589456
-6268,3000,44198.12648
-12200,3000,44207.861265
-12300,3000,44217.06629
-16452,3000,44226.710614
-392,3000,44236.436364
-2332,3000,44246.047438
-2592,3000,44255.600267
-7644,3000,44265.377158
-2780,3000,44275.080117
-10056,3000,44284.606103
-6352,3000,44294.115404
-1192,3000,44312.076092
-10324,3000,44321.809793
-10628,3000,44331.358698
-512,3000,44340.807649
-4644,3000,44349.732606
-12488,3000,44359.246095
-1468,3000,44368.459366
-8348,3000,44377.858785
460,3000,44387.474289
-4196,3000,44397.025881
-13196,3000,44406.540426
-5488,3000,44416.13035
-11404,3000,44425.642277
-10188,3000,44435.209433
-14492,3000,44444.922521
-9300,3000,44454.166622
-6464,3000,44463.578885
-1524,3000,44473.02783
-6492,3000,44482.885655
-6552,3000,44491.930298
-15564,3000,44501.118381
-4320,3000,44510.680043
-4424,3000,44519.551458
-2228,3000,44529.304045
-8480,3000,44538.762111
-7464,3000,44548.025659
-15408,3000,44557.894387
-16640,3000,44567.273176
-7364,3000,44576.828596
-2652,3000,44585.952027
-7240,3000,44595.279581
-1304,3000,44604.939921
-5060,3000,44614.58144
-8556,3000,44624.106272
-7552,3000,44633.403021
-8668,3000,44642.992703
-8524,3000,44652.339384
-19428,3000,44661.977636
-11464,3000,44671.676887
-17532,3000,44681.018197
-6600,3000,44690.280199
-7412,3000,44699.98804
-5372,3000,44709.600597
-4556,3000,44719.448236
-12796,3000,44728.606568
-7484,3000,44737.923194
-5652,3000,44747.403232
-5368,3000,44756.881136
-9520,3000,44766.360637
-9700,3000,44775.527033
-6296,3000,44785.466811
-3464,3000,44794.68762
-9400,3000,44804.413589
-7304,3000,44813.713877
-1188,3000,44823.248974
-7612,3000,44833.172992
-4480,3000,44842.479396
-7248,3000,44851.982804
-6432,3000,44861.944557
-11408,3000,44871.24151
-10200,3000,44880.886228
-9392,3000,44890.481337
-7336,3000,44899.998102
-7280,3000,44909.431494
-11284,3000,44918.628739
-9428,3000,44928.387201
-7652,3000,44937.91199
-7456,3000,44955.272923
-6324,3000,44964.638352
-12404,3000,44974.100026
-8224,3000,44983.793508
-7440,3000,44993.252299
-13328,3000,45002.98343
-10716,3000,45012.526031
-6240,3000,45022.008603
-11632,3000,45031.375998
-1492,3000,45040.586822
-5644,3000,45049.976032
-2456,3000,45059.755299
-1532,3000,45069.066824
-3212,3000,45078.91108
-10552,3000,45088.520607
-3428,3000,45097.805834
-6552,3000,45107.303638
-4488,3000,45116.993463
-3668,3000,45126.432256
-3312,3000,45136.185778
-7172,3000,45145.686362
-2244,3000,45155.244994
-2608,3000,45164.732647
-9440,3000,45174.181093
-8632,3000,45183.729151
-11400,3000,45193.525359
-7704,3000,45202.732076
-1324,3000,45212.721834
-3428,3000,45222.053679
-3308,3000,45231.608815
-6516,3000,45240.925862
-9428,3000,45250.597054
-7576,3000,45260.528937
-8572,3000,45270.051192
-6108,3000,45279.59463
-3560,3000,45289.214106
-5396,3000,45298.656756
-6420,3000,45307.918868
-9252,3000,45317.73221
-2352,3000,45327.104948
-10284,3000,45336.049335
-4396,3000,45345.292251
-14332,3000,45355.095409
-12588,3000,45364.580763
-14360,3000,45373.907162
-8352,3000,45383.313156
-5272,3000,45392.759245
-9412,3000,45402.028018
-6288,3000,45411.44305
-4240,3000,45420.944089
-5668,3000,45430.38974
-8448,3000,45439.618757
-6720,3000,45448.498324
360,3000,45458.115634
-3300,3000,45467.879837
-3260,3000,45477.031181
-4588,3000,45486.199531
-10576,3000,45495.516643
-8396,3000,45504.97796
-11492,3000,45514.302205
1836,3000,45523.872027
-12536,3000,45533.759192
-13432,3000,45543.276198
-4488,3000,45552.893785
-8444,3000,45562.760153
-5472,3000,45572.505726
-5552,3000,45589.889992
-1348,3000,45599.518025
-8472,3000,45609.025512
-6412,3000,45618.323002
-2624,3000,45627.941798
-4628,3000,45637.449017
-6580,3000,45646.510453
-6428,3000,45655.899203
-4392,3000,45665.222835
-1696,3000,45674.433859
-12576,3000,45683.70572
-8372,3000,45692.867597
-3420,3000,45702.397897
-7788,3000,45711.846831
-6484,3000,45721.048082
-8136,3000,45730.723375
-5344,3000,45740.098715
-4072,3000,45749.572965
-10416,3000,45758.986156
-3440,3000,45768.302517
-5720,3000,45777.576895
-6444,3000,45786.992459
-9664,3000,45796.412502
-6520,3000,45806.220018
-10928,3000,45816.041418
-3672,3000,45825.446866
-4280,3000,45834.602008
-1504,3000,45844.227742
-12624,3000,45853.955535
-1256,3000,45863.68265
-9176,3000,45873.297088
2292,3000,45882.653279
-1252,3000,45892.656999
-8292,3000,45902.037797
-8428,3000,45912.13826
-10288,3000,45921.61344
-9376,3000,45930.833325
-10188,3000,45940.344022
-16428,3000,45949.925565
-7488,3000,45959.975323
-9472,3000,45969.717051
-9340,3000,45979.149301
-7196,3000,45988.172835
-9416,3000,45997.227264
-8308,3000,46006.842651
-1376,3000,46015.820572
-5272,3000,46025.32702
-6664,3000,46034.917002
-9352,3000,46044.192048
-7532,3000,46053.94652
-11332,3000,46063.266696
-4552,3000,46072.610248
-1284,3000,46082.132415
-5484,3000,46091.762978
-4520,3000,46101.412576
-13612,3000,46110.880494
-5544,3000,46120.179608
512,3000,46129.771392
-5516,3000,46138.924435
-6544,3000,46148.300599
-10492,3000,46157.598712
-9608,3000,46166.970353
-9668,3000,46176.464844
-9444,3000,46186.00684
-2284,3000,46195.445419
-6220,3000,46205.07608
-12228,3000,46214.881532
-6364,3000,46232.211028
-8088,3000,46241.869492
-11392,3000,46251.229263
-10356,3000,46261.369756
-8332,3000,46271.087466
-3576,3000,46280.353463
-6512,3000,46289.980349
-6380,3000,46299.704659
-6648,3000,46309.405007
-12472,3000,46319.001857
-10444,3000,46328.6561
-6408,3000,46338.14726
-4464,3000,46347.541495
-8732,3000,46356.963201
-15224,3000,46366.633611
-7284,3000,46376.759537
-7280,3000,46386.974158
-15200,3000,46396.103568
-16760,3000,46405.687594
-3472,3000,46415.321713
-6576,3000,46425.055199
-6520,3000,46434.484554
-1276,3000,46444.070212
-9548,3000,46453.785088
-9500,3000,46463.714731
-2456,3000,46473.299184
-9248,3000,46482.781372
-5400,3000,46492.167612
-9176,3000,46501.951184
-4228,3000,46511.334471
-6440,3000,46520.516677
-3288,3000,46530.118083
-1768,3000,46539.089979
-4364,3000,46548.747559
-3428,3000,46558.27697
-4444,3000,46567.689812
-7160,3000,46577.324256
-11456,3000,46586.737456
-5240,3000,46596.1003
-12548,3000,46605.842105
-8636,3000,46615.973832
-8420,3000,46625.49434
-7500,3000,46635.120163
-8352,3000,46644.105882
-13476,3000,46653.336003
-10396,3000,46662.680255
-4388,3000,46672.046663
-3188,3000,46681.551916
-12648,3000,46690.812855
-8472,3000,46700.067188
-17600,3000,46709.658824
-4268,3000,46719.592317
-8708,3000,46729.089898
-4748,3000,46738.389392
-6552,3000,46747.755831
-6656,3000,46757.022449
-3132,3000,46766.862365
-10608,3000,46776.138065
-9024,3000,46786.172371
-11280,3000,46796.143466
-4192,3000,46805.549113
-12528,3000,46814.869704
-1444,3000,46824.234237
-9324,3000,46833.770343
-7332,3000,46843.436132
-2344,3000,46852.840028
-8380,3000,46862.556447
-10436,3000,46879.877168
-22428,3000,46889.199285
-10436,3000,46898.777517
-6264,3000,46908.469141
-10436,3000,46918.152232
-4636,3000,46927.578954
-3504,3000,46936.703197
-7616,3000,46946.390749
-8336,3000,46955.975645
-4504,3000,46965.165453
-2288,3000,46974.721941
-5608,3000,46984.072381
-8208,3000,46993.351533
-8724,3000,47002.593
-9668,3000,47011.699594
-4272,3000,47021.492182
-7644,3000,47030.585224
-3344,3000,47040.334705
-9424,3000,47050.190856
-2288,3000,47059.674613
-3528,3000,47069.275778
-13748,3000,47078.843167
-13440,3000,47088.017094
-4492,3000,47097.443307
-9484,3000,47106.678362
-2076,3000,47116.345623
-9368,3000,47126.218106
-6560,3000,47135.369136
-5472,3000,47145.180245
-5372,3000,47154.577253
-13700,3000,47164.41925
-8312,3000,47174.396173
-11500,3000,47183.748707
-8272,3000,47193.166516
-8656,3000,47202.602556
-8248,3000,47212.027883
-3472,3000,47221.587695
-12396,3000,47231.04063
-3556,3000,47240.110073
-3432,3000,47249.665025
-4476,3000,47259.64063
-8536,3000,47269.131898
-5188,3000,47278.773608
-4480,3000,47288.375365
-4384,3000,47298.214991
-3380,3000,47307.452996
-4428,3000,47316.936712
-7552,3000,47326.631714
-6744,3000,47336.035502
-412,3000,47345.444206
-4072,3000,47355.550598
-1212,3000,47365.03442
-9532,3000,47374.585129
-10288,3000,47384.474107
-10564,3000,47394.001225
1376,3000,47403.585028
-6440,3000,47413.457118
-1216,3000,47423.357616
-8428,3000,47433.005992
-2452,3000,47442.725641
-10676,3000,47452.426742
-2288,3000,47462.04402
-7308,3000,47471.183359
-468,3000,47480.797711
-13688,3000,47490.295753
-9344,3000,47499.834167
-7164,3000,47517.685904
-8220,3000,47527.377225
-6396,3000,47536.810347
-704,3000,47545.948359
-2204,3000,47555.617725
-4596,3000,47565.114105
-5244,3000,47574.376712
-10448,3000,47584.088566
-4320,3000,47593.553547
-6152,3000,47602.93937
-5740,3000,47612.472537
-4416,3000,47621.737981
-5332,3000,47631.68258
-9444,3000,47641.036421
-10424,3000,47650.561573
-10376,3000,47660.133365
-10144,3000,47669.614495
-9396,3000,47679.143263
-4428,3000,47688.461192
-4592,3000,47697.833868
-7316,3000,47707.753909
-7220,3000,47717.360715
-11328,3000,47726.807621
-7500,3000,47736.60562
-4428,3000,47746.206285
-12664,3000,47755.868529
-6440,3000,47765.167664
-12408,3000,47774.789648
-7624,3000,47784.183333
-6276,3000,47793.990812
-11324,3000,47803.835659
-10424,3000,47813.522101
-13220,3000,47822.939297
-10196,3000,47832.562986
-7488,3000,47842.210912
-6600,3000,47851.716794
-7400,3000,47861.383223
-620,3000,47871.053261
-10360,3000,47880.962938
-4732,3000,47891.077021
-6360,3000,47900.605613
-5524,3000,47910.236228
-7620,3000,47919.566809
-15372,3000,47929.102867
-7636,3000,47938.521872
-5388,3000,47947.753415
-10520,3000,47956.953523
-3164,3000,47966.488151
-2644,3000,47975.939613
-9544,3000,47985.232491
-1416,3000,47995.059815
-4180,3000,48004.513238
-8408,3000,48013.935498
-15592,3000,48023.371436
-4336,3000,48032.663355
356,3000,48042.348088
-7560,3000,48051.398619
-7268,3000,48060.62939
-4324,3000,48069.868505
-13496,3000,48079.190536
-7420,3000,48088.770828
-10572,3000,48098.093203
-1560,3000,48107.218376
-9260,3000,48116.483039
-7540,3000,48125.719774
-7300,3000,48135.14307
-6568,3000,48144.263868
-14576,3000,48161.736852
-5620,3000,48171.250099
-8436,3000,48180.854218
-7376,3000,48190.352782
-6568,3000,48200.093297
-6268,3000,48209.842398
-11520,3000,48219.182672
-6560,3000,48229.111255
-9536,3000,48238.723593
-9392,3000,48248.457616
-8392,3000,48257.943054
-8500,3000,48267.663089
-5380,3000,48277.150044
-10684,3000,48286.338227
-7740,3000,48295.425792
-9516,3000,48305.214968
-1536,3000,48314.687014
-12372,3000,48324.177575
-5964,3000,48333.94529
-308,3000,48343.463934
-5308,3000,48352.934114
-10588,3000,48362.78582
-7532,3000,48372.212358
-16492,3000,48381.882847
-19528,3000,48391.302079
-8524,3000,48401.209412
-9472,3000,48411.207485
-11528,3000,48420.894421
-4596,3000,48430.552355
-10332,3000,48440.070014
-3364,3000,48449.79741
-13236,3000,48459.222383
-2536,3000,48468.950403
-12464,3000,48478.538352
-5240,3000,48488.081626
-14680,3000,48497.253996
-10252,3000,48506.761531
-12512,3000,48516.458045
-3448,3000,48526.216079
-3356,3000,48535.756249
-9544,3000,48545.239316
-4444,3000,48554.847557
-11324,3000,48564.278832
-4812,3000,48573.515768
-6420,3000,48583.046342
-9620,3000,48592.897964
-6344,3000,48602.256431
-4272,3000,48611.789163
-6424,3000,48621.492329
2540,3000,48631.052204
-6572,3000,48641.271945
-2544,3000,48651.055603
-3112,3000,48660.831525
-6412,3000,48670.323341
-6276,3000,48679.907452
-5236,3000,48689.593171
-5632,3000,48699.157974
-7500,3000,48708.617109
-5336,3000,48718.376755
-5332,3000,48727.567772
-9712,3000,48737.569249
-13504,3000,48747.279522
-2436,3000,48756.34103
-8536,3000,48765.992236
-12436,3000,48775.660816
-5272,3000,48785.509586
-3372,3000,48794.945687
-2448,3000,48813.00696
-2772,3000,48822.281971
-5184,3000,48831.688039
-13252,3000,48841.189936
-15372,3000,48850.713345
-8464,3000,48860.351663
-1436,3000,48869.57949
-10448,3000,48879.165081
-8512,3000,48888.675981
-11444,3000,48897.950451
-388,3000,48907.166327
-13348,3000,48916.650004
-6664,3000,48925.958437
-228,3000,48935.841489
-9184,3000,48945.468137
-7360,3000,48955.081939
-6148,3000,48964.375285
-3568,3000,48973.593995
-8376,3000,48983.406533
-12596,3000,48992.961569
-4132,3000,49002.855854
-3568,3000,49011.993074
-6600,3000,49021.813686
-8380,3000,49031.632313
-10528,3000,49040.866371
-8308,3000,49050.346123
-3252,3000,49059.979968
-5540,3000,49069.407558
-6616,3000,49078.956089
-6892,3000,49088.665131
-10360,3000,49098.114506
-10576,3000,49107.343588
-5492,3000,49116.451976
-8432,3000,49126.021798
-12420,3000,49135.459172
-6384,3000,49144.576866
-4420,3000,49153.69192
-4680,3000,49162.883865
-8220,3000,49172.734689
732,3000,49182.082365
-11332,3000,49191.304518
-2356,3000,49200.790037
-14396,3000,49210.173854
-6520,3000,49219.754392
-5764,3000,49229.06829
-7304,3000,49238.6161
-6256,3000,49248.000276
-4380,3000,49257.479648
-11608,3000,49266.703635
-14268,3000,49276.11054
-5424,3000,49285.593868
-3820,3000,49294.808974
-12320,3000,49304.321198
-8224,3000,49313.872341
-10496,3000,49323.643553
-8484,3000,49332.8668
-11420,3000,49342.164561
-2044,3000,49351.692467
-4588,3000,49360.943753
-6340,3000,49370.561206
-2364,3000,49380.408673
-3480,3000,49389.917454
-3100,3000,49399.566684
-9216,3000,49408.958325
-10456,3000,49418.463539
-3548,3000,49427.972863
-7332,3000,49445.16931
-5516,3000,49454.249177
-11688,3000,49463.755364
-2464,3000,49473.397475
-2476,3000,49483.148837
-2392,3000,49492.658417
-4640,3000,49502.108358
-4392,3000,49511.622448
-4612,3000,49521.106768
-4504,3000,49530.636862
-8756,3000,49540.125184
-9228,3000,49549.475951
-7560,3000,49559.179139
-6668,3000,49568.352064
-2776,3000,49577.893874
-10268,3000,49587.097098
-9540,3000,49596.843145
-12448,3000,49606.038753
-8388,3000,49615.779606
-8584,3000,49625.056374
-8580,3000,49634.930817
-4444,3000,49644.312149
-9488,3000,49653.689152
-2436,3000,49663.145797
-6356,3000,49672.919688
-13500,3000,49682.269821
-7420,3000,49691.867097
-5200,3000,49701.513288
-12392,3000,49710.601481
-7588,3000,49719.996767
-13428,3000,49729.898542
-11528,3000,49739.40451
-7400,3000,49748.884783
-2472,3000,49758.509848
-10456,3000,49767.77493
-1396,3000,49777.231263
-4260,3000,49786.667775
-6212,3000,49796.319226
-18500,3000,49805.850169
-9288,3000,49815.450531
-4440,3000,49824.930042
-3556,3000,49834.602086
-13668,3000,49843.797735
-9268,3000,49853.220932
-9456,3000,49863.024238
-9396,3000,49872.477787
-6308,3000,49881.87258
-14412,3000,49891.356688
-6172,3000,49900.80948
-15424,3000,49910.408379
-8496,3000,49920.015109
332,3000,49929.256125
-8376,3000,49938.816211
-13620,3000,49948.425733
-452,3000,49957.660581
-7460,3000,49967.428852
-5688,3000,49977.246265
-976,3000,49986.878246
-9184,3000,49996.463811
-8464,3000,50006.000099
-4676,3000,50015.337399
-11284,3000,50024.694878
2424,3000,50034.15483
-1472,3000,50044.084932
-8676,3000,50053.547176
-13288,3000,50063.503351
-9664,3000,50073.268777
-5452,3000,50090.937258
-8456,3000,50100.239583
-4520,3000,50109.454401
-400,3000,50119.056559
-8580,3000,50128.721979
-15488,3000,50138.264894
-7292,3000,50147.856039
-1412,3000,50157.146526
-9084,3000,50166.97269
-2308,3000,50176.591027
-8896,3000,50186.239562
-12408,3000,50195.534588
-6352,3000,50205.481534
-1268,3000,50215.249679
-16336,3000,50224.962969
-9440,3000,50234.795656
-1376,3000,50244.795469
-9484,3000,50254.293592
-9680,3000,50264.110519
-10364,3000,50273.848001
-4616,3000,50283.245395
-8288,3000,50292.820494
-3696,3000,50302.670804
-13440,3000,50312.390797
-13272,3000,50321.822211
-9544,3000,50331.378343
-7472,3000,50340.812078
-10200,3000,50350.645768
-4220,3000,50360.285081
-7512,3000,50369.831668
-7584,3000,50379.203271
-9320,3000,50388.483838
-13508,3000,50398.28463
-5436,3000,50407.815989
-14496,3000,50417.500514
-4432,3000,50427.21399
-10568,3000,50436.088114
-2496,3000,50445.286535
-16384,3000,50454.818807
-5388,3000,50464.436393
-10380,3000,50473.771119
-8400,3000,50483.157356
-4464,3000,50492.579718
-11408,3000,50501.944919
-8296,3000,50511.827612
-10468,3000,50521.343875
-4640,3000,50530.684677
-4140,3000,50540.676918
-12384,3000,50550.328074
-17352,3000,50560.03276
-2216,3000,50569.836606
-7320,3000,50579.363727
-10336,3000,50588.628017
-7240,3000,50598.053602
-10332,3000,50608.100945
-10244,3000,50617.577605
-8404,3000,50627.14285
-4164,3000,50636.902191
-14352,3000,50646.424143
-4276,3000,50656.261677
-11448,3000,50665.396981
-3508,3000,50674.811268
-4304,3000,50684.358752
-4568,3000,50693.831417
-10416,3000,50703.361165
-9368,3000,50712.689979
-12380,3000,50722.239585
-10184,3000,50739.914387
-11644,3000,50749.111036
-7456,3000,50759.193991
-4528,3000,50768.903311
-3312,3000,50778.555295
-13848,3000,50787.968858
-8616,3000,50797.429624
-6160,3000,50807.170567
-7768,3000,50816.794672
-12536,3000,50826.174891
-2412,3000,50835.917325
-4424,3000,50845.148429
-9672,3000,50854.583737
-13444,3000,50864.535206
-4224,3000,50873.899149
-1588,3000,50883.445117
-12668,3000,50892.743783
-8432,3000,50902.375101
-10428,3000,50912.18274
-5448,3000,50921.39865
-14612,3000,50931.129649
-8376,3000,50940.720253
-8400,3000,50950.164254
-8348,3000,50959.533903
-10408,3000,50968.829429
-8424,3000,50978.452545
-6648,3000,50988.017827
-15652,3000,50997.628088
-4364,3000,51007.258389
-10520,3000,51016.4949
-3432,3000,51026.201185
-10512,3000,51035.469071
-14404,3000,51044.891062
-7500,3000,51054.332932
-5376,3000,51063.984038
-5564,3000,51073.734082
-9396,3000,51083.638822
-3332,3000,51093.409832
472,3000,51102.637085
-10168,3000,51112.346146
-4616,3000,51122.068477
-12440,3000,51131.959536
-2752,3000,51141.502011
-7648,3000,51150.780241
-484,3000,51160.105114
-5596,3000,51169.60093
-6624,3000,51178.881999
-2544,3000,51188.246899
-6404,3000,51198.054826
-1324,3000,51207.571135
-11392,3000,51217.563489
-4640,3000,51227.10897
-1336,3000,51236.401293
-13548,3000,51245.937412
-5156,3000,51255.649783
-10600,3000,51265.218998
-7456,3000,51274.641922
-3404,3000,51284.004381
-12340,3000,51294.007404
-10564,3000,51303.338939
-12276,3000,51312.858587
-4712,3000,51322.27487
-1652,3000,51331.781014
-704,3000,51341.386532
-8240,3000,51351.259122
-12288,3000,51360.65321
-19264,3000,51378.452826
-4536,3000,51387.963313
-1436,3000,51397.583673
-1524,3000,51407.196477
-15412,3000,51416.791373
-6628,3000,51426.433852
-13364,3000,51436.230468
-7156,3000,51445.73067
-14580,3000,51455.194833
-4120,3000,51464.601748
-11556,3000,51473.68867
-11380,3000,51483.273846
-6264,3000,51493.026833
-4252,3000,51502.315067
-9384,3000,51512.203577
-8360,3000,51521.424554
-3544,3000,51531.132127
-492,3000,51540.295929
-3460,3000,51549.623619
-6392,3000,51558.636225
-8316,3000,51567.958417
-11584,3000,51577.676467
-2692,3000,51586.923796
-8268,3000,51596.559556
-10336,3000,51606.131722
-10272,3000,51615.807833
-4336,3000,51625.366851
-7308,3000,51635.149622
-9352,3000,51644.77164
-6400,3000,51654.518944
-8444,3000,51664.193577
-9296,3000,51673.948356
-2572,3000,51683.033055
-2364,3000,51692.655892
-7268,3000,51701.90959
-9440,3000,51711.248797
-6584,3000,51720.697279
-8448,3000,51730.1082
-6212,3000,51739.405323
-3288,3000,51748.728411
-6316,3000,51758.320785
-3368,3000,51767.83444
-9236,3000,51777.299684
-8456,3000,51786.512415
-2356,3000,51796.31013
-11544,3000,51805.73643
-12512,3000,51815.350542
-5524,3000,51824.822678
-340,3000,51834.098065
-7464,3000,51843.769482
-5236,3000,51853.167677
-5328,3000,51862.753858
-1232,3000,51872.161692
-3448,3000,51881.270817
-9344,3000,51890.761591
-4228,3000,51899.877454
-7472,3000,51909.125696
-8392,3000,51918.398769
-9364,3000,51927.913025
-14392,3000,51937.696318
-1640,3000,51946.927457
-8352,3000,51956.017866
-5540,3000,51965.489238
-4400,3000,51975.083009
-2404,3000,51984.709244
-5300,3000,51994.546479
-8500,3000,52004.143099
-4576,3000,52021.397821
-10116,3000,52031.118947
-12572,3000,52040.54636
-6380,3000,52049.789383
-6428,3000,52059.50725
-7140,3000,52069.210166
-12240,3000,52078.777911
-12724,3000,52088.399007
-9180,3000,52098.064698
-9180,3000,52107.80465
-7556,3000,52117.008343
-2324,3000,52126.461081
460,3000,52135.831332
-8420,3000,52145.061718
-5316,3000,52154.621113
-4456,3000,52163.99771
-13084,3000,52173.817079
-2468,3000,52182.915783
-3608,3000,52192.343258
-5248,3000,52202.056849
-2688,3000,52211.58853
-2352,3000,52221.196403
-5796,3000,52230.465047
-3748,3000,52240.173471
-6360,3000,52249.341827
-7304,3000,52258.976416
-14376,3000,52268.927709
-7444,3000,52278.406966
-7160,3000,52287.93363
-6356,3000,52297.638249
-9200,3000,52307.116054
-6816,3000,52316.247935
-7608,3000,52326.161556
-5840,3000,52335.803877
-5272,3000,52345.344498
-6440,3000,52354.927567
-10712,3000,52363.989478
-3232,3000,52373.708912
-2336,3000,52383.371089
-3584,3000,52392.983028
-7544,3000,52402.274483
-4580,3000,52411.848326
-12656,3000,52421.400834
-6636,3000,52430.803803
-3580,3000,52440.20041
-9244,3000,52450.323522
-5684,3000,52459.746773
-16496,3000,52469.553606
-10664,3000,52479.001796
-4324,3000,52488.74119
-11652,3000,52498.164687
-7500,3000,52507.878178
-3200,3000,52517.767631
-10568,3000,52527.212113
-3668,3000,52536.784878
-6280,3000,52546.657104
-4636,3000,52556.232438
-5620,3000,52565.848685
-4028,3000,52575.865391
-4244,3000,52585.101678
-13344,3000,52594.519955
-5312,3000,52603.926306
-216,3000,52613.552228
-5060,3000,52623.221385
-11468,3000,52632.725329
-6420,3000,52642.404604
-4396,3000,52652.070539
-3596,3000,52669.613729
-5568,3000,52679.024423
-5336,3000,52688.175817
-5296,3000,52697.604625
-1372,3000,52707.156379
-7260,3000,52716.743717
-5716,3000,52726.2519
-9924,3000,52735.541659
-12720,3000,52745.006197
-7548,3000,52754.698943
-14400,3000,52763.699889
-11564,3000,52772.949039
-4532,3000,52782.655212
-9328,3000,52792.302377
-13476,3000,52801.880082
-12728,3000,52811.133218
-7340,3000,52820.860375
-6440,3000,52830.244162
-12540,3000,52840.000497
-9104,3000,52849.660627
-1360,3000,52859.240011
-12348,3000,52868.791681
-4500,3000,52878.244313
-8428,3000,52888.405919
-11208,3000,52898.269927
-8252,3000,52908.145
-12600,3000,52917.703438
-6332,3000,52927.270751
-5452,3000,52936.956498
-8460,3000,52946.781522
-3456,3000,52956.549006
-4532,3000,52966.111798
-4412,3000,52975.238633
-5568,3000,52984.948982
-8352,3000,52994.729311
-6436,3000,53003.895346
-548,3000,53013.231147
-14308,3000,53022.563627
-6284,3000,53031.723188
-9476,3000,53041.222633
-5564,3000,53051.310022
-3732,3000,53060.645223
-17456,3000,53070.153785
-7532,3000,53079.792092
-4904,3000,53089.247211
-12232,3000,53098.971485
-6232,3000,53108.393017
-10340,3000,53118.347751
-6464,3000,53128.122878
-2748,3000,53137.784033
-15560,3000,53147.102355
-10228,3000,53156.853246
-4420,3000,53166.42149
-4108,3000,53175.693189
-8400,3000,53185.598186
-15244,3000,53195.285707
-5328,3000,53204.888622
-2452,3000,53214.511711
-10400,3000,53223.765624
-9364,3000,53233.612634
-11268,3000,53243.258548
-8532,3000,53252.873369
-18580,3000,53262.337761
-10436,3000,53271.770465
-8808,3000,53281.576467
-4488,3000,53290.892885
-10308,3000,53308.360465
-11388,3000,53318.276626
-9324,3000,53327.947983
-5164,3000,53338.041902
-13284,3000,53347.74851
-2532,3000,53357.685307
-10576,3000,53367.112165
-7388,3000,53377.074111
-4272,3000,53386.778486
-7120,3000,53396.565043
-4536,3000,53405.970454
-10236,3000,53415.410725
-8444,3000,53424.874778
-2488,3000,53434.380861
-5340,3000,53444.354882
-9432,3000,53453.699872
-14168,3000,53463.243202
-1260,3000,53473.324109
-9228,3000,53483.11775
-4268,3000,53493.14829
-4532,3000,53502.870016
-10576,3000,53512.316006
-2420,3000,53521.904115
-8652,3000,53531.661368
-3392,3000,53541.431823
-3612,3000,53550.955909
-10184,3000,53560.431979
-3520,3000,53570.216378
-7256,3000,53579.940688
-9452,3000,53589.343778
-12500,3000,53598.929041
-5564,3000,53608.548395
-1572,3000,53618.166662
-6336,3000,53627.846573
-9700,3000,53637.324491
-4476,3000,53646.835997
-12656,3000,53656.329298
-2680,3000,53665.657127
-6432,3000,53675.338539
-7220,3000,53685.327267
-2636,3000,53694.607013
-12588,3000,53704.172033
-14676,3000,53713.609337
-14560,3000,53723.060045
-7664,3000,53732.928182
-9264,3000,53742.673635
-3396,3000,53752.254906
-5392,3000,53762.342715
-2236,3000,53772.164611
-4320,3000,53781.865301
-10304,3000,53791.951155
-9440,3000,53801.46771
-12504,3000,53811.095975
-11252,3000,53820.91336
-7508,3000,53830.790088
-10368,3000,53840.415913
-15380,3000,53850.098814
-12684,3000,53859.764854
-3248,3000,53869.451143
-9632,3000,53879.007243
-6164,3000,53888.717198
-308,3000,53898.449759
-14392,3000,53908.7116
624,3000,53918.630662
-8496,3000,53928.226882
-10308,3000,53938.259082
-10020,3000,53948.375493
-9684,3000,53966.354715
-8344,3000,53976.29221
-6064,3000,53985.519361
-8508,3000,53995.184275
-14256,3000,54004.382361
-7148,3000,54013.956115
-5448,3000,54023.402981
-5208,3000,54032.829567
-17356,3000,54042.671861
-6700,3000,54052.141371
-3304,3000,54062.311525
-3316,3000,54071.542518
-12468,3000,54081.137152
-8368,3000,54090.690048
-4648,3000,54099.720742
-1296,3000,54109.630194
-10292,3000,54119.729285
-9468,3000,54129.254203
-2168,3000,54139.079531
-10600,3000,54148.580468
-9412,3000,54158.332746
-8616,3000,54167.923819
-15420,3000,54177.605567
-3364,3000,54186.891178
-6492,3000,54196.369014
-4556,3000,54206.093294
-5756,3000,54215.628997
-5464,3000,54225.500681
-6360,3000,54235.136454
-9428,3000,54244.766213
-4392,3000,54254.28106
-3640,3000,54264.018221
-9260,3000,54273.651453
-10572,3000,54283.561499
-9208,3000,54293.269496
-3660,3000,54302.781192
-1212,3000,54312.927512
-9680,3000,54322.384993
-5480,3000,54331.847928
-6492,3000,54341.557245
-7612,3000,54351.029418
-2776,3000,54360.640459
-6104,3000,54370.234334
-3328,3000,54379.956283
-9444,3000,54389.585642
-13576,3000,54399.48535
-8348,3000,54409.200077
-7500,3000,54418.903681
-7328,3000,54428.722742
-6356,3000,54438.276047
-11472,3000,54447.779505
-2376,3000,54457.227089
-7564,3000,54466.83331
-8484,3000,54476.417505
-5468,3000,54485.887343
-7328,3000,54495.464844
-8408,3000,54505.121223
-11620,3000,54514.471196
564,3000,54523.982191
-7396,3000,54533.558598
-12320,3000,54543.096369
-14232,3000,54553.182301
-7760,3000,54562.664283
-9372,3000,54572.604867
-6384,3000,54582.281374
-9244,3000,54592.118731
-8336,3000,54601.948247
-7412,3000,54620.283226
-9224,3000,54629.72874
-5496,3000,54639.417434
-3468,3000,54649.077626
-15192,3000,54658.942866
-6456,3000,54668.965758
-11464,3000,54678.703302
-10440,3000,54688.316417
-17480,3000,54697.755212
-12636,3000,54707.205573
-3256,3000,54716.889236
-7668,3000,54726.596879
-6448,3000,54736.175398
-3328,3000,54745.894205
-5432,3000,54755.419482
-4336,3000,54765.318543
-6384,3000,54775.24606
-16076,3000,54784.984911
-6612,3000,54794.589426
-6504,3000,54804.436862
-3736,3000,54814.124409
-12600,3000,54824.048329
-8684,3000,54833.680384
-10412,3000,54843.192896
-6384,3000,54853.209159
-6292,3000,54862.765807
-7456,3000,54872.561437
-11732,3000,54882.045787
-11712,3000,54891.697562
-4084,3000,54901.258519
-3368,3000,54910.643422
-6644,3000,54920.332644
-11092,3000,54930.014285
-11296,3000,54939.99914
-6432,3000,54949.580615
-7084,3000,54959.224553
-6364,3000,54968.700609
-8388,3000,54978.135344
-8388,3000,54987.566531
-7184,3000,54997.104327
-2416,3000,55006.584684
-5484,3000,55016.445341
-15516,3000,55026.067752
-9700,3000,55035.909263
-10552,3000,55045.841563
-5664,3000,55055.780663
-9328,3000,55065.424134
-14532,3000,55075.161387
-11224,3000,55084.816666
-5504,3000,55094.311035
-8060,3000,55104.223584
-4356,3000,55113.839376
-16452,3000,55123.810273
-11596,3000,55133.702741
1616,3000,55143.418892
-8272,3000,55153.181527
-9344,3000,55162.462224
-17244,3000,55172.36709
-6316,3000,55182.182879
-5640,3000,55191.699913
-4484,3000,55201.486587
-9380,3000,55211.328068
-11648,3000,55221.238258
-7440,3000,55231.228911
-2240,3000,55241.061526
-10464,3000,55250.49675
-9584,3000,55267.90095
-9148,3000,55277.963767
-2452,3000,55287.610708
-3440,3000,55296.670849
-11624,3000,55306.25177
-7292,3000,55315.933725
-9200,3000,55325.736453
-480,3000,55335.549294
-10692,3000,55345.024621
-8588,3000,55354.754412
-7536,3000,55364.344844
-6428,3000,55373.78994
-8380,3000,55383.691997
-9496,3000,55393.773427
-4484,3000,55403.154696
452,3000,55412.343747
-7652,3000,55421.925982
-9320,3000,55431.892863
-4268,3000,55441.805769
-12260,3000,55451.834367
-1432,3000,55461.930156
-10396,3000,55471.363798
-13556,3000,55480.758986
-8176,3000,55490.428796
-8488,3000,55499.916679
2380,3000,55509.418446
-4476,3000,55518.957843
-11144,3000,55528.423239
-10384,3000,55538.816226
-7516,3000,55548.725302
-5596,3000,55558.257421
-12420,3000,55567.898367
-13804,3000,55577.495792
-6192,3000,55587.557909
-13680,3000,55596.952615
-16396,3000,55606.583276
-10376,3000,55616.234679
-6400,3000,55625.908631
-12344,3000,55635.628227
-8328,3000,55645.437773
-6172,3000,55655.236809
-6204,3000,55664.868912
-6504,3000,55674.505196
-11368,3000,55684.25406
-4476,3000,55693.80859
-13424,3000,55703.606081
-8528,3000,55712.980004
-16444,3000,55722.52282
-8524,3000,55732.145926
-13688,3000,55741.660082
-164,3000,55751.524899
-3060,3000,55761.273463
-10672,3000,55770.751292
-10576,3000,55780.700293
-4408,3000,55790.285729
-8072,3000,55799.597263
-14700,3000,55808.907512
-15592,3000,55818.744856
672,3000,55828.563854
-1448,3000,55838.140965
-10776,3000,55847.950375
-4664,3000,55857.206691
-7560,3000,55866.836767
-13404,3000,55876.596808
-2560,3000,55886.242895
-7148,3000,55896.215787
-7644,3000,55905.670003
-3496,3000,55923.210383
-2432,3000,55933.261469
-6524,3000,55942.598083
-7304,3000,55952.200971
-1460,3000,55961.91308
-4524,3000,55971.826323
-8236,3000,55981.653648
-11372,3000,55991.450616
-5140,3000,56001.224056
-11616,3000,56010.669656
-6420,3000,56020.404536
392,3000,56029.699946
-3344,3000,56039.39507
-1364,3000,56049.137494
-7236,3000,56058.562989
-11692,3000,56068.742185
-5528,3000,56078.169937
-10488,3000,56087.684483
-6560,3000,56097.356026
-9432,3000,56106.939193
-15652,3000,56116.263729
-10336,3000,56125.836524
-9508,3000,56135.600618
-3348,3000,56145.176182
-6328,3000,56154.883331
-14616,3000,56164.528853
-8644,3000,56174.271783
-6548,3000,56183.824787
-6636,3000,56193.785282
-9408,3000,56203.580051
-12564,3000,56213.438057
-4448,3000,56222.770691
-7500,3000,56232.224663
-4428,3000,56241.960073
-4376,3000,56251.450092
-9292,3000,56261.073629
-10460,3000,56270.832057
-6200,3000,56280.31232
-4528,3000,56289.914646
-9332,3000,56299.197525
-6532,3000,56308.781705
-8504,3000,56318.575298
-7628,3000,56328.281939
-8476,3000,56338.06969
-4344,3000,56347.198172
-4348,3000,56357.050116
-1336,3000,56366.774668
-4392,3000,56376.339412
-4208,3000,56386.620823
-10580,3000,56396.100324
-5488,3000,56405.60546
-10356,3000,56415.382076
-7536,3000,56425.065511
-6456,3000,56434.722354
-7804,3000,56444.035976
-12300,3000,56453.673461
-3644,3000,56463.1639
-5496,3000,56473.052379
-6460,3000,56482.985377
-5496,3000,56493.09065
-2496,3000,56502.613565
-6188,3000,56512.47454
-10192,3000,56521.969617
-11148,3000,56531.732116
-6240,3000,56541.768996
-14760,3000,56551.894646
-8260,3000,56561.857532
-9488,3000,56580.132069
-7112,3000,56589.931557
-4628,3000,56599.667554
-2424,3000,56609.095155
-6264,3000,56618.922659
-9284,3000,56628.669985
-10436,3000,56638.36082
-12184,3000,56647.70834
-15136,3000,56657.762337
-1684,3000,56667.584753
-4472,3000,56677.138455
-6308,3000,56686.752681
-6292,3000,56696.293056
-6668,3000,56705.762709
-8508,3000,56715.70198
-7312,3000,56725.196305
-2624,3000,56734.858166
-6300,3000,56744.670266
-5360,3000,56754.441186
-6264,3000,56764.130732
-8452,3000,56774.489189
-6224,3000,56783.981885
-4284,3000,56793.945385
-8364,3000,56804.117867
-3284,3000,56814.106372
-4360,3000,56823.471294
-13628,3000,56833.231036
-9548,3000,56842.819775
-11540,3000,56852.133827
-16252,3000,56862.166178
-5416,3000,56871.827585
-9204,3000,56881.95611
-13440,3000,56891.826266
-15660,3000,56901.466565
-6220,3000,56911.527259
-3496,3000,56921.047774
-12516,3000,56930.788731
-6252,3000,56940.497098
-2624,3000,56949.812038
-5520,3000,56959.307785
-1304,3000,56968.978843
-8256,3000,56979.062437
-3452,3000,56988.471873
1660,3000,56998.284016
-5356,3000,57007.845369
-4716,3000,57017.645594
-7392,3000,57027.106829
-10456,3000,57036.904734
-12376,3000,57046.690694
-10692,3000,57056.085533
-6556,3000,57065.898303
-10748,3000,57074.999526
-8248,3000,57084.860588
-6580,3000,57094.547657
-10364,3000,57104.22791
-11404,3000,57114.411702
-6188,3000,57124.143357
-5020,3000,57133.992288
-5412,3000,57143.650732
-15708,3000,57153.610414
-8248,3000,57163.399033
-3552,3000,57173.368373
-7628,3000,57183.034188
-11352,3000,57192.919324
-6536,3000,57202.976006
-10132,3000,57213.052253
-7528,3000,57230.797201
-5488,3000,57240.038253
-7868,3000,57249.327206
-12524,3000,57259.312445
-5376,3000,57269.202281
-12644,3000,57279.123269
-7452,3000,57288.860658
-13320,3000,57298.50266
-11524,3000,57308.219183
-7712,3000,57317.483421
-9288,3000,57327.706852
-5232,3000,57337.611658
-3340,3000,57347.586188
-8604,3000,57356.988589
-11308,3000,57366.987217
-3968,3000,57376.599731
-14164,3000,57386.312182
-13360,3000,57395.752681
-3136,3000,57405.491765
-6432,3000,57414.80853
-12744,3000,57424.568242
-3068,3000,57434.54525
-13496,3000,57444.070391
-13756,3000,57453.412064
-16536,3000,57463.086592
-636,3000,57472.620505
-6528,3000,57482.163365
-6028,3000,57491.859475
-7300,3000,57501.668964
316,3000,57511.575226
-5660,3000,57521.254102
-14552,3000,57530.672635
-4476,3000,57540.5793
-6548,3000,57550.200003
-9384,3000,57559.553198
-12596,3000,57569.379166
-5044,3000,57579.373106
-5432,3000,57588.725361
-3516,3000,57598.370106
-10564,3000,57607.753838
-4408,3000,57617.404576
-5432,3000,57627.18228
-9384,3000,57637.011426
-9224,3000,57646.439594
-8536,3000,57656.087277
-16380,3000,57665.866609
-7596,3000,57675.719601
-5332,3000,57685.353941
-4328,3000,57694.830009
-5356,3000,57704.728276
-13752,3000,57714.080117
-5164,3000,57723.808498
-6612,3000,57733.289744
-13776,3000,57743.061763
-15496,3000,57752.881929
-11324,3000,57762.905081
-1356,3000,57772.746568
660,3000,57782.548078
1660,3000,57792.689293
-3476,3000,57802.601881
-3488,3000,57812.182529
-6548,3000,57821.878314
-6384,3000,57832.113581
-4268,3000,57841.978729
-6440,3000,57851.978278
-5508,3000,57861.670948
-14368,3000,57871.729454
-10388,3000,57889.992132
-4360,3000,57899.768848
-12568,3000,57908.977599
-8572,3000,57918.630204
-17264,3000,57928.218025
-7620,3000,57937.782645
-10472,3000,57947.663924
-8248,3000,57957.384474
-5596,3000,57966.862375
-9580,3000,57976.529529
-2588,3000,57985.848665
-3556,3000,57995.795517
-10764,3000,58005.73762
-4552,3000,58015.281637
-11308,3000,58025.461286
-6664,3000,58035.202771
-12696,3000,58044.921508
-5444,3000,58054.89013
-1188,3000,58064.663525
640,3000,58074.415668
-4320,3000,58083.664285
-7400,3000,58093.744295
-9584,3000,58103.386681
-10504,3000,58113.249103
-10448,3000,58123.008042
-9664,3000,58132.502765
-4456,3000,58142.64927
-9244,3000,58152.150042
-7444,3000,58161.726113
-8444,3000,58171.075312
-4464,3000,58180.759979
-444,3000,58190.371731
-19236,3000,58200.107333
-10488,3000,58210.037456
-10460,3000,58220.057677
-10260,3000,58230.2057
-7744,3000,58240.181533
-7400,3000,58250.052965
-4268,3000,58260.23847
-12416,3000,58270.255288
-11608,3000,58279.712954
-5504,3000,58289.560438
-10632,3000,58299.21931
-5328,3000,58308.956786
-6300,3000,58318.510702
-4500,3000,58328.227265
-6504,3000,58338.073013
-2884,3000,58347.789432
-9472,3000,58357.744995
-13564,3000,58367.486459
-8320,3000,58377.386016
-2476,3000,58387.125552
-3740,3000,58396.923434
-10612,3000,58406.704844
-4580,3000,58416.162365
-10596,3000,58425.976892
-13752,3000,58435.773577
-12476,3000,58445.556979
-4472,3000,58455.697548
-7512,3000,58465.267553
-10716,3000,58475.311236
-12572,3000,58484.933454
-11548,3000,58494.95259
612,3000,58504.9741
-2160,3000,58514.700958
-9536,3000,58524.490159
-7312,3000,58534.264067
-7216,3000,58552.33418
-3556,3000,58562.064743
-8572,3000,58571.560944
-3296,3000,58581.278307
-2456,3000,58590.485778
-7084,3000,58600.026189
-7372,3000,58609.810309
-12448,3000,58619.769554
-12436,3000,58629.618528
-7876,3000,58639.08718
-8404,3000,58648.642565
488,3000,58658.544247
-8452,3000,58668.481483
-2528,3000,58678.30192
-5240,3000,58687.732954
-5604,3000,58697.393188
-8680,3000,58707.24357
-6336,3000,58717.175381
-7280,3000,58726.781187
-732,3000,58736.150357
-5348,3000,58745.690777
-2624,3000,58755.823562
-8248,3000,58765.445481
-8140,3000,58775.321366
1556,3000,58785.267756
-7356,3000,58795.115333
-12512,3000,58805.13688
-2276,3000,58815.10062
-5016,3000,58825.158631
-7324,3000,58835.17364
-10352,3000,58844.861463
-5748,3000,58854.87919
-12432,3000,58864.825358
-5480,3000,58874.654839
-7532,3000,58884.402143
-3464,3000,58894.156397
-8444,3000,58903.854974
-12168,3000,58913.47323
-11240,3000,58923.355959
-12416,3000,58932.794021
-8196,3000,58942.788475
-5168,3000,58952.523874
-7780,3000,58962.5576
-5388,3000,58972.283571
-11284,3000,58981.91109
-7308,3000,58991.764391
-8400,3000,59001.659204
-4564,3000,59011.440306
-7440,3000,59021.42247
-7700,3000,59030.626846
-10700,3000,59040.36086
-8356,3000,59049.891487
-8408,3000,59059.706649
-13328,3000,59069.60606
-6468,3000,59079.168634
-9184,3000,59088.961328
-12568,3000,59098.565246
-6172,3000,59108.161547
-12596,3000,59117.896088
-8216,3000,59127.749398
-7668,3000,59137.745252
-4300,3000,59147.323938
-12224,3000,59156.892754
-5232,3000,59167.101512
-10600,3000,59176.625839
-2452,3000,59186.216417
-7152,3000,59204.361006
-11884,3000,59213.816643
-9320,3000,59223.701371
-3464,3000,59233.558334
-8260,3000,59243.433308
-12492,3000,59253.377045
-10620,3000,59263.352145
-7132,3000,59273.170418
-12516,3000,59282.923106
-10348,3000,59292.496545
-11612,3000,59301.925588
-13232,3000,59311.736186
-4344,3000,59321.409178
-16552,3000,59331.18131
-8360,3000,59341.06334
-15240,3000,59351.23698
-12496,3000,59360.879438
-8420,3000,59370.895875
-10464,3000,59380.387214
-6520,3000,59390.082814
-6200,3000,59399.981237
-5536,3000,59410.048637
-9688,3000,59419.656356
-8388,3000,59429.89953
-3428,3000,59439.731832
-8456,3000,59449.272399
-8340,3000,59458.637139
-6424,3000,59468.516519
-12644,3000,59478.312288
-11568,3000,59488.052334
-5392,3000,59497.785213
-15072,3000,59507.62037
-10300,3000,59517.651427
-8328,3000,59527.314656
-4480,3000,59537.266453
-15412,3000,59546.998439
-11164,3000,59556.665787
-2824,3000,59566.43866
-5416,3000,59576.063766
-7340,3000,59585.960999
-4256,3000,59595.849642
-3332,3000,59605.568367
-13452,3000,59615.231812
-16404,3000,59624.798156
-10292,3000,59634.728345
-3392,3000,59644.335536
-7152,3000,59653.769647
-9764,3000,59663.680716
-7360,3000,59673.490121
-816,3000,59683.393692
-8580,3000,59693.158172
-8004,3000,59703.23377
-5720,3000,59712.853122
-7520,3000,59722.679169
-6488,3000,59732.678391
-4380,3000,59742.315114
-9480,3000,59752.045956
-8836,3000,59761.531666
-8636,3000,59771.122552
-4376,3000,59781.205254
-11500,3000,59790.929497
-5656,3000,59800.971523
-9028,3000,59810.835294
-12448,3000,59820.76734
-6460,3000,59830.367073
-5388,3000,59840.443048
-9316,3000,59850.112086
-4328,3000,59868.59726
-9488,3000,59878.415338
-5584,3000,59888.090672
-10268,3000,59897.655906
-7328,3000,59907.611211
-7500,3000,59917.416364
-7560,3000,59927.029907
-9352,3000,59937.195278
-5504,3000,59947.389587
-2576,3000,59957.413706
-216,3000,59967.243118
-6568,3000,59976.842128
-6540,3000,59986.541884
-5728,3000,59996.15528
-6780,3000,60005.732626
-4412,3000,60015.484157
-7800,3000,60025.204226
-8452,3000,60034.870933
-11300,3000,60045.29134
-5348,3000,60055.287361
-11412,3000,60065.182216
-4600,3000,60074.65228
-532,3000,60084.068047
-15292,3000,60093.796117
-22264,3000,60103.696916
-5344,3000,60113.169456
-6688,3000,60122.963027
-9300,3000,60132.836313
-7384,3000,60142.636897
-12460,3000,60152.537876
-8348,3000,60162.14474
-10172,3000,60172.315612
-12340,3000,60182.314517
-15352,3000,60192.227568
-6364,3000,60202.073219
-14732,3000,60211.631224
-8300,3000,60221.770497
-3304,3000,60231.670062
-11652,3000,60241.447641
-8364,3000,60251.330851
-7612,3000,60260.606775
-17452,3000,60270.421398
-7540,3000,60280.123759
-6348,3000,60290.332607
-6632,3000,60300.174843
-9604,3000,60309.57555
-2636,3000,60319.214257
-7192,3000,60329.270802
-9620,3000,60338.98674
-13760,3000,60348.712827
-9568,3000,60358.155169
-14440,3000,60367.971724
-7552,3000,60377.973874
-9680,3000,60387.637999
-1328,3000,60397.695855
-3512,3000,60407.716131
-8280,3000,60417.86998
-1156,3000,60427.574404
-6496,3000,60437.344039
-8808,3000,60446.898951
-10320,3000,60456.66105
-4420,3000,60466.467233
-11520,3000,60476.153383
-6408,3000,60485.527808
-10420,3000,60495.459848
-11532,3000,60505.352315
-6248,3000,60514.944463
-9472,3000,60532.768303
-5524,3000,60542.365095
-16432,3000,60552.635807
-2664,3000,60562.15646
-5436,3000,60571.496673
-724,3000,60581.187529
-9552,3000,60590.975654
-4516,3000,60600.195392
-10388,3000,60609.993883
-1612,3000,60619.921267
-5620,3000,60629.266281
-2672,3000,60639.192287
-10312,3000,60649.329283
-7332,3000,60658.884927
-5436,3000,60668.537768
-14280,3000,60678.425101
-5484,3000,60688.319521
-7512,3000,60697.817893
-6444,3000,60707.423518
-7772,3000,60717.136746
-9408,3000,60726.951431
-3952,3000,60737.061322
688,3000,60747.399601
-11656,3000,60757.098563
-10528,3000,60766.795466
-5724,3000,60776.322123
-5452,3000,60785.925215
-12528,3000,60795.592048
-11392,3000,60805.612798
-3236,3000,60815.61804
-5484,3000,60825.374138
-9492,3000,60835.014945
-4252,3000,60844.890757
-8624,3000,60854.784198
-10448,3000,60864.863422
-8196,3000,60874.53162
-8388,3000,60884.619287
-2360,3000,60894.706801
-8496,3000,60904.120643
-14228,3000,60914.136925
-15540,3000,60924.05109
-15832,3000,60933.957715
-9396,3000,60944.253281
608,3000,60953.749193
-5496,3000,60963.739763
-17324,3000,60973.333872
-14536,3000,60982.871992
-7260,3000,60992.471913
-3580,3000,61002.41674
-13396,3000,61011.839381
-2624,3000,61021.503524
-16156,3000,61031.65344
-3516,3000,61041.345196
-1236,3000,61050.763061
-10700,3000,61060.774777
-8144,3000,61070.823693
-1352,3000,61080.214969
-13516,3000,61090.268742
-2248,3000,61100.005594
-5388,3000,61109.947684
-10392,3000,61119.938046
-8296,3000,61129.858516
-5208,3000,61139.716094
-16452,3000,61149.448554
-12684,3000,61159.272757
-9592,3000,61169.002958
-10468,3000,61187.837921
-14380,3000,61197.467299
-6632,3000,61207.434394
-4688,3000,61217.46011
-3680,3000,61227.515103
-10564,3000,61237.271858
-8540,3000,61247.342718
-10212,3000,61257.448232
-10420,3000,61267.198288
-4408,3000,61277.302709
-4600,3000,61287.184494
-3680,3000,61296.736515
-4776,3000,61306.543808
-7808,3000,61316.223598
-9324,3000,61326.481699
-10560,3000,61336.792557
-7368,3000,61346.351676
-12412,3000,61356.322476
-3548,3000,61365.894863
-8376,3000,61375.858106
-11692,3000,61385.861805
-3184,3000,61395.719128
-11480,3000,61405.466457
-8176,3000,61415.486328
-6560,3000,61425.309834
-8400,3000,61434.564134
-5408,3000,61444.19831
-6336,3000,61453.954273
-8740,3000,61463.894918
-9340,3000,61474.162199
-3532,3000,61484.082752
-10264,3000,61494.007794
-12532,3000,61503.964203
-7448,3000,61513.909431
-8624,3000,61523.563093
-6272,3000,61533.261325
-6512,3000,61543.285275
-14572,3000,61552.814256
-7336,3000,61562.670605
-7684,3000,61572.180247
-13460,3000,61581.870091
-9220,3000,61591.710973
-9268,3000,61601.770696
-1604,3000,61611.272208
-2232,3000,61621.182874
-13688,3000,61631.026324
-3720,3000,61640.419037
-4220,3000,61650.021951
-11436,3000,61659.981497
-6492,3000,61669.931769
-7420,3000,61679.631256
-2224,3000,61689.506142
-6256,3000,61699.365948
-12732,3000,61709.213554
-8140,3000,61719.39242
-8624,3000,61729.042969
-11496,3000,61738.528524
-11216,3000,61748.369026
-6452,3000,61758.053744
-16292,3000,61768.008796
-3684,3000,61777.557296
-20376,3000,61787.554527
-7352,3000,61797.09804
-7484,3000,61807.111913
-5628,3000,61817.172561
-9536,3000,61827.053504
-16128,3000,61836.780203
-11488,3000,61854.864238
-8532,3000,61864.417328
-13224,3000,61874.155592
-6748,3000,61883.827558
-9224,3000,61893.75395
-11580,3000,61903.843846
-8500,3000,61913.438602
-1392,3000,61923.245178
-8704,3000,61933.131526
-2568,3000,61942.940435
-15284,3000,61952.934804
-14228,3000,61962.845366
-6828,3000,61972.490582
-8652,3000,61982.017871
-4536,3000,61991.844811
-4236,3000,62001.583314
-4480,3000,62011.208061
-604,3000,62020.983742
-15284,3000,62030.937949
-12352,3000,62040.541365
-6512,3000,62050.16771
-5728,3000,62060.255713
-7468,3000,62069.822066
-5476,3000,62079.433295
-4480,3000,62089.311483
-10468,3000,62099.007635
-6540,3000,62108.651028
-3624,3000,62118.420692
-15376,3000,62128.675446
-8548,3000,62138.397475
-13332,3000,62148.22051
-7324,3000,62157.87328
-10588,3000,62167.451164
-5452,3000,62176.8053
-3456,3000,62186.550515
-10824,3000,62196.178801
-16404,3000,62206.034929
-9404,3000,62216.078865
-15404,3000,62225.900803
-10716,3000,62235.452829
-6496,3000,62245.402114
-4320,3000,62255.729571
-6400,3000,62265.666241
-4408,3000,62275.541646
-6656,3000,62285.219473
-8704,3000,62294.43933
-2448,3000,62304.297252
-9684,3000,62314.350007
-5184,3000,62324.532356
-8520,3000,62334.598132
-7452,3000,62344.067901
-6372,3000,62353.938492
-8600,3000,62363.39065
-10276,3000,62373.055092
-5316,3000,62383.221275
-14472,3000,62392.91167
-10480,3000,62402.899196
-9840,3000,62412.437807
-1344,3000,62422.384897
-7136,3000,62432.193309
-13888,3000,62442.067587
-9316,3000,62451.876114
-10548,3000,62461.781574
-380,3000,62471.437783
-7472,3000,62481.596688
-5636,3000,62491.068973
-5392,3000,62500.373776
-280,3000,62518.67421
-9548,3000,62528.524652
-6536,3000,62538.301217
-9356,3000,62548.283664
-9436,3000,62558.104012
-7424,3000,62567.86096
-508,3000,62577.76362
-12572,3000,62587.521755
-8276,3000,62597.455165
-12668,3000,62607.003227
-2636,3000,62616.33121
-15500,3000,62626.217998
-5552,3000,62636.026406
-8640,3000,62645.604003
-2360,3000,62655.789626
-10424,3000,62665.498175
-7544,3000,62675.037688
604,3000,62684.707568
-11400,3000,62694.931985
-2432,3000,62704.581921
-19656,3000,62714.52826
-11380,3000,62724.459245
-11236,3000,62734.571181
-12656,3000,62743.877089
-14264,3000,62753.606915
-13368,3000,62763.585248
-8440,3000,62772.976721
-7672,3000,62782.518794
-7752,3000,62792.335867
-10340,3000,62802.356615
-17840,3000,62811.845695
-10552,3000,62821.508783
-5556,3000,62831.23006
-3664,3000,62840.66729
-6588,3000,62850.321856
-4312,3000,62860.19464
-1416,3000,62870.300467
-4300,3000,62880.115183
-5620,3000,62889.840281
-4256,3000,62899.856749
-5644,3000,62909.949827
-7284,3000,62920.203436
-10656,3000,62929.83384
-2792,3000,62939.423467
-276,3000,62949.291736
-9568,3000,62959.200887
-7612,3000,62968.701404
-1400,3000,62978.255777
-5532,3000,62988.053721
-3200,3000,62998.074494
-7608,3000,63007.685986
-5404,3000,63017.167361
-19244,3000,63026.849633
-404,3000,63036.449483
-4604,3000,63045.967716
-12676,3000,63056.078851
-9080,3000,63065.969523
-6516,3000,63076.009539
-11492,3000,63085.771408
-10348,3000,63095.160098
-8488,3000,63105.024069
-4508,3000,63114.899499
-9560,3000,63124.72474
-10460,3000,63134.816187
-2420,3000,63144.214697
-7140,3000,63153.751463
-2280,3000,63172.18115
-7428,3000,63182.522936
-4520,3000,63192.545384
-6204,3000,63202.437652
-7416,3000,63212.093075
-9568,3000,63221.69318
-9684,3000,63231.619283
-6368,3000,63241.285523
-6592,3000,63251.078712
-8620,3000,63260.852287
-7468,3000,63271.022941
-8708,3000,63280.778611
-9272,3000,63290.669116
-6692,3000,63300.399482
-14616,3000,63310.563523
-5176,3000,63320.142042
-10464,3000,63330.104525
-2700,3000,63340.175699
-12728,3000,63350.175879
-11560,3000,63360.304348
-8548,3000,63370.312809
-7656,3000,63380.1289
-5400,3000,63389.66203
-7400,3000,63399.161332
-11408,3000,63408.811944
-9516,3000,63418.478136
-2368,3000,63428.528282
-11396,3000,63438.252267
-15652,3000,63447.662442
-5784,3000,63457.091281
-7564,3000,63466.529968
-13340,3000,63476.301958
-7280,3000,63486.338996
-11448,3000,63496.14094
-7492,3000,63505.551394
-4496,3000,63514.978226
-9072,3000,63524.667424
-14768,3000,63534.305601
-10172,3000,63544.179599
-2516,3000,63553.53681
-11548,3000,63563.517665
-4472,3000,63572.959295
-10324,3000,63582.725372
-9532,3000,63592.342923
-8176,3000,63601.804586
-14560,3000,63611.528147
-6448,3000,63621.240333
-8552,3000,63631.107891
-11544,3000,63641.203227
-8632,3000,63651.066602
-9220,3000,63661.146795
-448,3000,63671.166159
-2544,3000,63680.549739
-12176,3000,63690.511396
-6324,3000,63700.171448
-16412,3000,63709.993445
-5148,3000,63719.713229
-7868,3000,63729.386222
-8408,3000,63738.900873
-1124,3000,63748.915597
-9328,3000,63758.568533
-8460,3000,63768.231198
-3728,3000,63777.482606
-8504,3000,63787.05478
-7600,3000,63796.768425
-12644,3000,63806.542391
-7192,3000,63816.574621
-12368,3000,63834.40746
-8604,3000,63844.310264
-5624,3000,63854.671465
-11176,3000,63864.408569
-11552,3000,63874.143311
-13428,3000,63883.88842
-12460,3000,63893.602318
-12356,3000,63902.831883
-6488,3000,63912.645289
-6316,3000,63922.306704
-5044,3000,63932.093747
-12268,3000,63941.846261
-9192,3000,63952.282524
-13504,3000,63962.107425
-3340,3000,63971.964932
-10688,3000,63981.834008
-10180,3000,63991.623192
-8396,3000,64001.110064
-7352,3000,64011.045903
-5220,3000,64020.620719
-3496,3000,64030.215303
-4316,3000,64039.995798
-2256,3000,64050.113045
-3416,3000,64059.495304
-10448,3000,64069.843767
-7516,3000,64079.561676
-5676,3000,64089.45812
-9124,3000,64099.524799
-7492,3000,64109.191377
-13436,3000,64118.779254
-8304,3000,64129.014667
-10200,3000,64138.447458
-6300,3000,64147.982394
648,3000,64157.706132
-7364,3000,64167.692569
-8544,3000,64177.223352
-16584,3000,64186.966381
-2584,3000,64196.898578
-8432,3000,64206.517298
-8536,3000,64216.44864
-11496,3000,64226.263033
-2540,3000,64236.215327
-7468,3000,64246.03472
-5508,3000,64255.545967
-10608,3000,64265.514823
-8296,3000,64275.513789
-12696,3000,64285.072225
-6340,3000,64295.033851
-8148,3000,64304.713286
-12576,3000,64314.471268
-10548,3000,64323.870682
-7236,3000,64334.120022
-13752,3000,64343.584795
-11404,3000,64353.319468
-4700,3000,64363.068685
-7500,3000,64372.591283
-3516,3000,64382.209246
-11372,3000,64391.611834
-5296,3000,64401.155331
-5508,3000,64411.011218
-4476,3000,64420.905123
-2340,3000,64430.697267
-9356,3000,64440.284347
-6548,3000,64450.042192
-5416,3000,64459.996698
-4228,3000,64469.765316
-8188,3000,64479.5312
-4396,3000,64497.907063
-14412,3000,64507.627333
-5648,3000,64517.21528
-2364,3000,64527.141655
-6288,3000,64536.75094
-4324,3000,64546.370915
-13612,3000,64555.925949
-4732,3000,64565.569455
-6640,3000,64575.595646
-7304,3000,64585.510223
-11516,3000,64594.920244
-5672,3000,64604.754358
-6416,3000,64614.494654
-2184,3000,64624.378571
-8256,3000,64633.772164
-1640,3000,64643.501227
-5400,3000,64653.129421
-9460,3000,64663.281979
-5384,3000,64672.987141
-7292,3000,64682.58385
-5328,3000,64692.165318
-1484,3000,64701.499841
-6300,3000,64711.532363
-7604,3000,64721.524533
-14556,3000,64731.659246
-11540,3000,64741.42891
-6640,3000,64750.98328
-15544,3000,64760.775975
-3504,3000,64770.304618
-7616,3000,64780.00613
-8640,3000,64789.765669
-13272,3000,64799.468801
-3548,3000,64808.799657
-4468,3000,64818.631704
-12576,3000,64828.744023
-11440,3000,64838.788641
-16260,3000,64848.585072
-17332,3000,64858.267111
-8612,3000,64867.853498
-6416,3000,64877.622237
-9396,3000,64886.998083
-6812,3000,64897.122338
-10588,3000,64906.963863
-11180,3000,64917.085324
-5408,3000,64926.77091
-14512,3000,64936.836261
-1584,3000,64946.235517
-6648,3000,64956.114162
-12692,3000,64966.220851
-5372,3000,64976.079701
-7588,3000,64985.715342
-15692,3000,64995.43734
-13500,3000,65004.950878
-12524,3000,65014.43655
-6476,3000,65024.865732
-7256,3000,65034.814441
-8352,3000,65044.346567
-8464,3000,65053.97949
-7324,3000,65064.330343
-5412,3000,65074.366485
-8556,3000,65083.837927
-12472,3000,65093.209341
-12300,3000,65102.795064
-12260,3000,65112.373083
-1480,3000,65121.779531
-17296,3000,65131.607806
-3368,3000,65149.497463
-8324,3000,65159.279609
-5304,3000,65168.61597
-11472,3000,65178.694745
-8464,3000,65188.329247
-10448,3000,65198.283227
-8108,3000,65207.866535
2532,3000,65217.86059
-4212,3000,65228.204746
-6412,3000,65237.713071
-16544,3000,65247.669412
-5404,3000,65257.406189
-6704,3000,65267.36372
-2496,3000,65277.239007
-11344,3000,65286.783913
-9468,3000,65296.78338
-11408,3000,65306.789203
-2448,3000,65316.465589
-6316,3000,65326.56929
-8360,3000,65336.022979
-444,3000,65345.786068
-7520,3000,65355.467391
-6472,3000,65365.214423
-6688,3000,65375.222151
-8508,3000,65384.580538
-10584,3000,65394.5172
-13404,3000,65404.796205
-9572,3000,65414.240127
-7364,3000,65424.47172
-8764,3000,65433.63327
-556,3000,65443.235801
2620,3000,65453.153615
-14420,3000,65462.816437
-4452,3000,65472.692207
-5564,3000,65482.270246
-7452,3000,65492.382684
-6256,3000,65502.051254
-6416,3000,65511.893118
-6328,3000,65521.790836
-5364,3000,65531.903992
-9616,3000,65541.505167
-15488,3000,65551.751651
-9628,3000,65561.047751
-10692,3000,65570.693298
-10400,3000,65580.48133
-16492,3000,65590.25625
-13424,3000,65600.127466
-6548,3000,65609.499288
-8196,3000,65619.179164
-7628,3000,65628.855693
-5264,3000,65638.484276
-6476,3000,65648.008307
-10472,3000,65657.97094
-7492,3000,65668.038289
-8576,3000,65677.545716
-9392,3000,65687.364433
-7344,3000,65696.989592
-7612,3000,65706.616844
-13228,3000,65716.971374
-3548,3000,65726.490832
-10352,3000,65736.394221
-7592,3000,65746.118299
-6312,3000,65755.895282
-12296,3000,65766.227628
-8516,3000,65776.050063
-3392,3000,65785.973359
-5752,3000,65795.463692
-10236,3000,65813.596684
-9556,3000,65823.863465
-7592,3000,65833.75907
-4380,3000,65843.482285
-8412,3000,65852.981474
-3212,3000,65862.868025
-700,3000,65872.499464
-8452,3000,65882.299289
-9232,3000,65892.196147
-8332,3000,65901.902749
-2060,3000,65911.75712
-11412,3000,65921.615382
-2628,3000,65931.251873
-8412,3000,65941.187097
-12244,3000,65951.068047
-5444,3000,65960.897591
712,3000,65970.754689
-7560,3000,65980.253828
-8628,3000,65990.145881
-12408,3000,65999.580792
-12208,3000,66009.972594
-6520,3000,66019.423672
-10424,3000,66029.078265
-13672,3000,66038.733321
-436,3000,66048.63791
-10240,3000,66058.436393
-8320,3000,66068.589242
-12440,3000,66078.67639
-9668,3000,66088.440056
-3356,3000,66098.278214
-7480,3000,66108.073753
-9440,3000,66117.755299
-5712,3000,66127.77891
-5112,3000,66137.715169
-8752,3000,66147.463405
-14448,3000,66157.36833
-8624,3000,66167.075287
-5388,3000,66176.767185
-9352,3000,66186.843388
-7280,3000,66196.600302
-8368,3000,66206.454746
-12332,3000,66216.424357
-3416,3000,66225.908526
-6324,3000,66235.933808
-8436,3000,66246.126038
-10500,3000,66255.765622
-7536,3000,66265.459106
-12508,3000,66275.492101
-8472,3000,66284.936124
-3188,3000,66294.877605
-10320,3000,66304.879262
-9284,3000,66315.040308
-10624,3000,66324.760901
-12424,3000,66334.607211
-9180,3000,66344.749909
-1768,3000,66353.944863
-14376,3000,66363.805263
-9476,3000,66373.512377
-7644,3000,66383.29993
-6352,3000,66393.073498
-7432,3000,66402.799058
-11404,3000,66412.697522
-9508,3000,66422.411413
-13412,3000,66432.323438
-2332,3000,66441.722423
-3668,3000,66451.460496
-5640,3000,66461.028926
-1244,3000,66479.112633
-16452,3000,66488.870237
-5252,3000,66498.734265
-5500,3000,66508.201771
-8284,3000,66518.05082
-5620,3000,66527.823073
-13504,3000,66537.680944
-16264,3000,66547.367771
-7420,3000,66557.437479
-5324,3000,66566.984055
-9476,3000,66577.036608
-4500,3000,66586.511983
-16420,3000,66596.554499
-10476,3000,66606.387006
-10496,3000,66616.135567
-5564,3000,66625.823391
-7168,3000,66635.539096
-4828,3000,66645.265635
-6608,3000,66654.941142
-6712,3000,66664.861715
-628,3000,66674.508002
-1260,3000,66684.556473
3360,3000,66693.958403
-5420,3000,66703.460668
-5600,3000,66713.446685
-12584,3000,66723.279016
-7748,3000,66732.97494
-5336,3000,66742.363105
-9364,3000,66752.229471
-6432,3000,66762.018789
-7164,3000,66771.828147
-2404,3000,66781.791597
-6636,3000,66791.71956
-2260,3000,66801.560918
-9608,3000,66811.300113
-7884,3000,66821.192305
-6588,3000,66830.681331
-1428,3000,66840.291409
-9384,3000,66849.917429
-11664,3000,66859.380222
-7040,3000,66869.408749
-12552,3000,66879.488175
-5660,3000,66889.5955
-9500,3000,66899.490323
-8172,3000,66909.387144
-4212,3000,66919.347636
-10632,3000,66929.077556
-11312,3000,66939.069336
-7160,3000,66948.568993
-16252,3000,66958.354993
-12564,3000,66968.025277
-5472,3000,66978.040084
-6652,3000,66987.688128
-11540,3000,66997.463548
-8536,3000,67006.684407
-7636,3000,67016.631128
-8452,3000,67026.005184
-10508,3000,67035.715603
-10804,3000,67045.544212
-1240,3000,67055.606711
-15628,3000,67065.138491
-2256,3000,67074.751332
-7304,3000,67084.455934
-8552,3000,67094.292237
-12552,3000,67103.764189
-8412,3000,67113.261481
-6304,3000,67131.288668
-7528,3000,67141.22731
-10288,3000,67151.114136
-824,3000,67160.891848
-12492,3000,67170.544759
-10772,3000,67180.143302
-7448,3000,67190.245251
-7496,3000,67199.997933
-3420,3000,67209.805398
-3576,3000,67219.240813
-10328,3000,67228.9504
-5560,3000,67238.860964
-9392,3000,67248.355052
-8408,3000,67258.528002
-7176,3000,67268.5512
-10592,3000,67278.45596
-7544,3000,67288.41618
-9740,3000,67297.969933
-2708,3000,67307.594367
-3112,3000,67317.24837
-12612,3000,67327.407052
-5204,3000,67337.286056
-11344,3000,67347.0495
-14396,3000,67357.318982
-3560,3000,67367.853707
-16424,3000,67377.707412
-11280,3000,67387.814291
-11356,3000,67397.770335
-11348,3000,67407.603003
-11216,3000,67417.584728
-16348,3000,67427.700618
-2044,3000,67437.617692
-5392,3000,67447.564945
-10256,3000,67457.476876
-10528,3000,67467.140205
-5708,3000,67476.827834
-9576,3000,67486.9194
-9320,3000,67496.675378
-8288,3000,67506.769321
-6328,3000,67516.578156
-8496,3000,67526.213741
-8564,3000,67536.464697
-8716,3000,67545.809088
-17448,3000,67555.608094
-9540,3000,67565.236704
-8468,3000,67574.857469
-3408,3000,67584.83678
-8260,3000,67594.534266
-2556,3000,67604.51599
-9752,3000,67614.295963
-6300,3000,67624.117076
-1400,3000,67633.873516
-4492,3000,67643.565078
-10536,3000,67653.819134
-5604,3000,67663.428066
-14248,3000,67673.092005
-5360,3000,67682.937847
-4468,3000,67692.502048
-1480,3000,67702.353023
-3400,3000,67712.450296
-4536,3000,67722.409128
-10676,3000,67732.204756
-4872,3000,67741.844337
-1460,3000,67751.610432
-7296,3000,67761.304781
-16712,3000,67770.634002
-9500,3000,67780.849566
-8360,3000,67798.635714
-7184,3000,67808.39595
-9788,3000,67818.068726
-8780,3000,67827.967095
-10380,3000,67837.684713
-4400,3000,67847.423924
-7280,3000,67857.461396
-11572,3000,67867.101241
700,3000,67876.890312
-8284,3000,67886.890844
-5432,3000,67896.209963
-11056,3000,67906.007815
-5336,3000,67915.786061
-8376,3000,67925.291483
-12800,3000,67935.033523
-4600,3000,67945.080757
-13716,3000,67954.547233
-18556,3000,67964.392679
-6376,3000,67974.503159
-4780,3000,67983.929203
-3656,3000,67993.923501
-7400,3000,68003.834488
-9196,3000,68013.867435
-11236,3000,68023.554131
-5408,3000,68033.399735
-8232,3000,68043.333736
-6480,3000,68052.892401
-5740,3000,68062.770303
-19132,3000,68072.673262
-3652,3000,68082.117661
-9644,3000,68091.753634
-10576,3000,68101.491643
-3680,3000,68110.990189
-10544,3000,68121.088565
-10476,3000,68130.822653
-6308,3000,68140.405679
-4372,3000,68149.936271
-9304,3000,68159.610642
-8308,3000,68169.276069
-6592,3000,68179.116221
-7452,3000,68188.623475
-6420,3000,68198.136553
-4740,3000,68207.883131
-9632,3000,68217.197547
-3332,3000,68226.781079
-4656,3000,68236.146515
-9556,3000,68245.985095
-5560,3000,68255.997885
-9648,3000,68265.681386
-2420,3000,68275.62144
-11396,3000,68285.350221
-8292,3000,68295.319871
-7184,3000,68305.08596
-13716,3000,68314.680663
-8540,3000,68324.306642
-6172,3000,68334.329434
-4412,3000,68343.862704
-3300,3000,68353.579955
-8104,3000,68363.220112
-8860,3000,68372.649255
-8428,3000,68382.503733
-11512,3000,68392.590687
-13612,3000,68402.010085
-9560,3000,68411.565912
-10468,3000,68421.117478
-5736,3000,68430.931356
-8344,3000,68440.697923
-7380,3000,68458.161671
-13512,3000,68468.155869
-1500,3000,68477.706722
-9660,3000,68487.158894
-11584,3000,68497.020956
-432,3000,68506.388482
-8304,3000,68516.42041
-11708,3000,68526.371398
-13404,3000,68536.056726
-11464,3000,68545.905229
-7660,3000,68555.460471
-8364,3000,68565.386723
-4296,3000,68575.361593
-4672,3000,68585.142821
-15648,3000,68595.21078
-4700,3000,68604.851121
-15560,3000,68614.694439
-5400,3000,68624.678577
-7596,3000,68634.462198
352,3000,68643.84715
-10452,3000,68653.337151
-6516,3000,68663.292594
-3360,3000,68672.798149
-18684,3000,68682.707638
-2692,3000,68692.304386
-9496,3000,68702.411978
-12744,3000,68712.33138
-11424,3000,68722.12212
-9684,3000,68731.425859
-12492,3000,68741.108595
-5264,3000,68751.012574
-6208,3000,68761.189548
-868,3000,68771.084834
-632,3000,68780.597919
-2572,3000,68790.169772
-12364,3000,68799.846913
-2624,3000,68809.821912
-5604,3000,68819.410047
-6432,3000,68829.06865
-9384,3000,68838.535105
-3512,3000,68848.348354
-9640,3000,68858.115061
-4356,3000,68867.431867
-5528,3000,68877.190171
-8588,3000,68886.74826
-8528,3000,68896.545293
-7476,3000,68906.09273
680,3000,68916.134412
-1200,3000,68926.007556
-8576,3000,68935.769516
-11704,3000,68945.7639
-2604,3000,68955.704988
-6648,3000,68965.518372
-5736,3000,68975.357947
-10392,3000,68985.098406
-5420,3000,68995.510485
-11348,3000,69005.88937
-1384,3000,69015.442277
-15620,3000,69025.622364
-7512,3000,69035.086342
-11684,3000,69044.886019
-4380,3000,69054.640882
-8460,3000,69064.578625
-6628,3000,69074.218056
-5332,3000,69084.099278
-10492,3000,69093.867355
-16524,3000,69111.800442
-14392,3000,69121.282207
-8648,3000,69131.351518
-3468,3000,69140.881632
-3388,3000,69150.255106
-13668,3000,69159.698084
-1520,3000,69169.689195
-8228,3000,69179.455104
-2532,3000,69189.493912
-8388,3000,69199.277972
-6516,3000,69208.849345
-5268,3000,69218.796949
-4760,3000,69228.364849
-3804,3000,69238.037174
-7544,3000,69248.075987
-1492,3000,69257.877343
-9512,3000,69267.58712
-11608,3000,69277.230745
-4540,3000,69286.900572
-12392,3000,69296.362846
-11360,3000,69306.248081
-7704,3000,69316.125347
-12256,3000,69325.691151
-9300,3000,69335.544139
-9432,3000,69345.356271
-9748,3000,69355.161098
-13624,3000,69364.904577
-9340,3000,69374.564517
-10360,3000,69384.518279
-4632,3000,69393.975325
-7600,3000,69403.990994
-2464,3000,69413.99056
-4212,3000,69423.174265
-7568,3000,69432.876784
-10692,3000,69442.420443
-9684,3000,69452.203743
-10460,3000,69462.037737
-3480,3000,69471.331467
-6548,3000,69481.134815
-6304,3000,69490.706385
-9344,3000,69500.630672
-9624,3000,69510.776932
-10540,3000,69520.343824
-744,3000,69529.971853
-4384,3000,69539.569878
-5616,3000,69549.793427
-10216,3000,69559.593417
-9304,3000,69569.347233
380,3000,69578.623106
-11240,3000,69588.907067
-8436,3000,69598.997184
-6332,3000,69608.507169
-14944,3000,69618.252043
-8556,3000,69627.812778
-1512,3000,69636.982433
-6432,3000,69646.793065
-6276,3000,69656.20759
-10524,3000,69665.721345
-10460,3000,69675.195444
-8320,3000,69684.72037
-8368,3000,69694.527111
-9744,3000,69704.103583
-412,3000,69714.347657
-504,3000,69723.898742
-10392,3000,69733.228648
-7408,3000,69743.172938
-9720,3000,69752.745118
-7360,3000,69771.433966
-3076,3000,69781.280921
-9376,3000,69791.288428
-9520,3000,69800.820417
-19620,3000,69810.766999
-10528,3000,69820.746697
-10564,3000,69830.772864
-5564,3000,69840.771312
-648,3000,69850.586732
-8488,3000,69860.330789
1296,3000,69870.262268
-5272,3000,69880.148971
-6648,3000,69889.860496
-6368,3000,69899.894337
-3608,3000,69909.842075
-10452,3000,69919.649219
-5532,3000,69930.026978
-1536,3000,69939.751782
-2740,3000,69949.536233
-12584,3000,69959.371932
-7696,3000,69968.834853
-5720,3000,69978.62389
-11548,3000,69988.371125
-13200,3000,69998.536089
-7660,3000,70008.489724
-9288,3000,70018.550399
-14520,3000,70028.328848
-12336,3000,70038.23789
-3528,3000,70047.93312
-3248,3000,70057.552046
-6120,3000,70067.344672
-13452,3000,70076.939867
-5388,3000,70086.835247
-5276,3000,70097.093924
-3296,3000,70106.678154
-6232,3000,70116.126361
-11620,3000,70125.860193
-9228,3000,70135.747003
-5312,3000,70145.53315
-7176,3000,70155.110057
-7672,3000,70164.532162
-5824,3000,70174.27564
-11352,3000,70184.269259
-7304,3000,70194.246254
-7464,3000,70204.256281
-11672,3000,70214.136231
-3580,3000,70223.508148
-10328,3000,70234.003368
-12532,3000,70244.116243
-528,3000,70253.404623
-9616,3000,70263.041448
-3528,3000,70272.83005
-5564,3000,70282.391469
-3476,3000,70292.208303
-5660,3000,70301.676449
-9284,3000,70311.298684
-6732,3000,70321.314743
-5628,3000,70331.382846
-12424,3000,70341.112816
-5624,3000,70350.927643
-11592,3000,70360.759109
-7480,3000,70370.471067
-8564,3000,70380.026184
-7472,3000,70389.786309
-6380,3000,70399.601393
-10340,3000,70409.37114
-9132,3000,70418.785262
-8556,3000,70436.892053
-4460,3000,70446.336754
-12392,3000,70456.14007
-2664,3000,70465.540909
-8636,3000,70475.320935
-4384,3000,70484.719512
-4364,3000,70494.414885
-5448,3000,70504.13557
-304,3000,70513.841066
-9452,3000,70523.259309
-13628,3000,70533.122088
-15480,3000,70543.109356
-8740,3000,70553.039114
-8744,3000,70562.934513
-12572,3000,70572.773745
-6524,3000,70582.473744
-10416,3000,70592.16188
-9544,3000,70602.181309
-5360,3000,70612.307901
-10372,3000,70622.18912
-9384,3000,70631.727648
-6588,3000,70640.987198
-12668,3000,70650.882994
-14548,3000,70660.555902
-8556,3000,70669.882545
-5600,3000,70679.253408
-9356,3000,70689.097501
-5692,3000,70699.037674
-3440,3000,70709.239416
-10436,3000,70718.790591
-4876,3000,70728.892214
-19396,3000,70738.53457
-3580,3000,70748.33862
-10528,3000,70757.958495
-14668,3000,70767.950221
-18512,3000,70777.955899
-9460,3000,70787.905495
-14284,3000,70797.939909
-12592,3000,70807.48341
-2624,3000,70817.15741
-5440,3000,70826.900382
-7732,3000,70836.095278
-7500,3000,70845.5557
-6500,3000,70855.658744
-9520,3000,70865.370145
-10444,3000,70875.718558
-6600,3000,70885.089449
-7688,3000,70894.871116
-9468,3000,70905.07818
-15504,3000,70914.894494
-8312,3000,70924.938826
-6640,3000,70934.62108
-6496,3000,70944.099603
-12196,3000,70953.807476
-6508,3000,70963.569394
-5324,3000,70973.201004
-11524,3000,70983.053838
-10192,3000,70992.804832
-8468,3000,71002.520966
-7508,3000,71012.424085
-12356,3000,71022.202583
-11528,3000,71032.253834
-2304,3000,71042.013281
-8248,3000,71052.126695
-9276,3000,71061.832396
-15788,3000,71071.656369
-2348,3000,71089.972523
-7436,3000,71099.5149
-14548,3000,71109.475961
-4480,3000,71119.341819
-8580,3000,71128.828415
-3496,3000,71138.780756
-3368,3000,71148.583249
-11524,3000,71158.817689
-7816,3000,71168.868
-4536,3000,71178.321396
-14384,3000,71188.510151
-11456,3000,71198.540421
-12260,3000,71208.4567
-1404,3000,71218.194994
656,3000,71227.673769
-8000,3000,71237.635568
-8568,3000,71247.616127
-8556,3000,71257.244354
-8324,3000,71266.82412
-9320,3000,71276.750233
-8556,3000,71286.803105
-8716,3000,71296.541175
-2408,3000,71306.467352
-10484,3000,71316.219335
-6456,3000,71325.59384
-9120,3000,71335.425615
-8404,3000,71345.229684
-10752,3000,71355.235481
-13416,3000,71365.010955
-13516,3000,71375.002956
-12588,3000,71385.084566
-12392,3000,71395.384796
-10292,3000,71405.231612
-4436,3000,71415.27702
-560,3000,71424.83415
-13240,3000,71434.433683
-6092,3000,71444.244757
-5764,3000,71454.11715
-3328,3000,71464.378428
-17500,3000,71474.574134
-8388,3000,71484.167928
-6460,3000,71493.791863
-10276,3000,71503.837187
-6496,3000,71513.800862
-7628,3000,71523.359815
-9284,3000,71533.520058
-13392,3000,71543.629083
-8436,3000,71554.149033
-11420,3000,71564.306876
-15292,3000,71574.746869
-8680,3000,71585.056909
-6388,3000,71594.897527
-5276,3000,71604.986439
-3820,3000,71614.868834
-6780,3000,71624.719082
-11528,3000,71634.885299
-484,3000,71645.061272
-13636,3000,71655.22216
-10664,3000,71665.06612
-4568,3000,71675.347543
-5480,3000,71685.154458
-9516,3000,71694.882415
-4456,3000,71704.905643
-10304,3000,71715.100289
-11216,3000,71724.733665
608,3000,71734.345721
-8640,3000,71743.873176
-4644,3000,71761.798702
-7636,3000,71771.695631
728,3000,71781.775239
-6284,3000,71791.326346
-4632,3000,71801.073501
-9452,3000,71811.094108
-7552,3000,71821.043782
-9824,3000,71830.754418
-13240,3000,71840.58089
-8432,3000,71850.332721
-2536,3000,71859.960497
-12716,3000,71869.880002
-10720,3000,71879.900887
-12400,3000,71890.066319
-5700,3000,71899.698205
-4376,3000,71909.419554
252,3000,71918.539652
-11432,3000,71928.2561
-9644,3000,71938.226978
-9404,3000,71947.976721
-13380,3000,71958.195377
-8604,3000,71967.415888
-7336,3000,71977.272292
-5560,3000,71986.842519
-2464,3000,71996.727034
-5524,3000,72006.288908
-9448,3000,72016.567991
-12388,3000,72026.520858
-6856,3000,72036.203012
-10332,3000,72046.078146
-2424,3000,72055.528308
-11664,3000,72065.151745
-3784,3000,72075.065442
-4332,3000,72084.586301
-5444,3000,72094.438136
-12636,3000,72104.478131
-6344,3000,72114.074301
-5412,3000,72124.509915
-9484,3000,72134.550306
-11436,3000,72144.052089
-11544,3000,72153.890906
-5796,3000,72163.393138
-9244,3000,72172.906754
-6408,3000,72182.61574
-8404,3000,72192.127604
-6520,3000,72201.830096
-7572,3000,72212.055334
-6256,3000,72221.746762
-8428,3000,72232.020791
-11556,3000,72241.415967
-18448,3000,72250.6361
-4296,3000,72260.459091
-11776,3000,72270.16272
-5572,3000,72279.963615
-16612,3000,72289.547883
-5584,3000,72298.97227
-12568,3000,72309.115391
-9516,3000,72318.675048
-8796,3000,72328.099916
-6492,3000,72337.826079
-2548,3000,72348.074819
-17400,3000,72357.552354
-2808,3000,72367.16837
-13352,3000,72377.282812
-2772,3000,72386.959566
-8424,3000,72396.294062
-12812,3000,72406.100238
-3600,3000,72423.607523
-3296,3000,72433.750859
-4304,3000,72444.209198
-5588,3000,72454.694249
-11652,3000,72464.375936
-15660,3000,72474.403723
-3564,3000,72484.321984
-5616,3000,72494.29114
-12448,3000,72504.199951
-11484,3000,72514.341495
-5492,3000,72524.341679
-6596,3000,72534.302278
2584,3000,72544.032955
-13332,3000,72554.068044
-11284,3000,72563.878144
-5712,3000,72573.47244
-8296,3000,72582.849661
-5312,3000,72592.697418
-13624,3000,72602.223264
-12500,3000,72612.131064
-11272,3000,72622.006061
-16560,3000,72631.481431
-10232,3000,72640.91939
-8568,3000,72650.996503
-2756,3000,72660.061599
-7748,3000,72669.7282
-7364,3000,72679.711509
-4640,3000,72689.715759
-9552,3000,72700.155756
-8612,3000,72710.852785
-7572,3000,72721.494213
-7380,3000,72732.306238
-3384,3000,72742.229599
-8608,3000,72752.835785
-9780,3000,72762.52667
-8236,3000,72772.529816
-8412,3000,72782.319923
-7556,3000,72792.088186
-3324,3000,72801.715213
-12476,3000,72811.141231
-7536,3000,72820.876286
-6340,3000,72831.04604
-4648,3000,72840.607627
-10612,3000,72850.63189
1516,3000,72861.787124
-11476,3000,72871.844481
-10392,3000,72881.702469
-11240,3000,72891.512544
-1428,3000,72902.409764
-7592,3000,72913.268623
-10544,3000,72924.062909
-7600,3000,72934.901443
-14260,3000,72945.510333
-9508,3000,72955.791825
-8128,3000,72966.78352
-4656,3000,72978.066735
-7632,3000,72988.118576
-6380,3000,72997.512617
-11388,3000,73007.398946
-2596,3000,73017.086658
-7212,3000,73027.526371
-16472,3000,73037.834607
-5792,3000,73048.396868
-1584,3000,73059.04857
-6372,3000,73069.12352
-8280,3000,73079.154901
-10544,3000,73098.126614
-10180,3000,73107.775233
-5452,3000,73117.493537
-740,3000,73127.106564
-17488,3000,73137.221305
-7812,3000,73147.19288
-13328,3000,73157.833183
-9716,3000,73168.329871
-8436,3000,73178.217734
-1484,3000,73188.276588
-7464,3000,73198.306011
-8380,3000,73208.239647
-5568,3000,73218.770498
-6664,3000,73228.902822
-14768,3000,73239.460923
-7404,3000,73249.829868
-8728,3000,73259.694041
-10420,3000,73269.566832
-10448,3000,73279.516423
-3496,3000,73289.100865
-14636,3000,73299.121952
-6312,3000,73308.902008
-12316,3000,73319.73601
-1560,3000,73329.70111
-10504,3000,73339.314553
-6436,3000,73349.012345
-13512,3000,73359.041425
-4228,3000,73368.667059
-5728,3000,73378.839206
-13292,3000,73388.240246
-6512,3000,73398.052817
-10564,3000,73407.789329
-9668,3000,73417.681233
-21228,3000,73427.848706
-15516,3000,73438.078453
-4416,3000,73448.416112
-14524,3000,73458.375566
-10664,3000,73468.213234
-6260,3000,73478.091078
-7536,3000,73487.753742
-13488,3000,73497.48754
-16452,3000,73507.28493
-13436,3000,73517.412276
-6564,3000,73527.499041
-2352,3000,73537.630965
-8500,3000,73547.677812
-6456,3000,73558.106715
-9268,3000,73567.97911
-9256,3000,73578.130909
-8448,3000,73587.656474
-348,3000,73598.11909
-1700,3000,73608.256271
-3428,3000,73618.622209
-11460,3000,73628.996778
-6424,3000,73639.514896
-5364,3000,73649.407444
-9600,3000,73659.4634
-3404,3000,73669.211408
-6728,3000,73678.943488
-9556,3000,73689.143093
-2476,3000,73699.341661
-10240,3000,73709.467431
-9244,3000,73719.446754
-8424,3000,73729.586519
-2624,3000,73739.449101
-2048,3000,73749.436494
-15904,3000,73759.600932
-9192,3000,73777.705513
-8544,3000,73787.78228
-10684,3000,73797.585766
-8532,3000,73807.243604
-10332,3000,73817.524346
-10260,3000,73827.576224
-9184,3000,73837.285734
-11508,3000,73846.653417
-2700,3000,73856.605831
-10536,3000,73865.991967
-7216,3000,73876.907546
-7564,3000,73887.62697
-9412,3000,73897.464066
-6476,3000,73907.864708
-12388,3000,73918.049685
-6528,3000,73927.755633
-8452,3000,73937.792744
-7708,3000,73947.579985
-10332,3000,73958.031541
-7276,3000,73968.018951
-9376,3000,73978.423841
-11584,3000,73988.28106
-10452,3000,73998.181953
-8552,3000,74008.044256
-11516,3000,74018.192573
-6740,3000,74027.902778
-7684,3000,74038.354021
-9384,3000,74049.523644
-3688,3000,74060.248178
-9540,3000,74070.54733
-1628,3000,74081.034832
-3540,3000,74091.473662
-5532,3000,74102.120261
-2492,3000,74112.552727
-3588,3000,74122.494327
-10956,3000,74132.804967
-12652,3000,74143.486076
-4492,3000,74153.494018
-11652,3000,74163.348861
-8788,3000,74173.57721
-2448,3000,74183.967012
-10544,3000,74193.865195
-3748,3000,74204.139016
-9464,3000,74214.696698
-5456,3000,74224.82842
-6648,3000,74234.382576
-14608,3000,74244.57422
-3724,3000,74255.001691
-696,3000,74265.393736
-6732,3000,74276.061076
-11224,3000,74286.137707
-7348,3000,74296.260327
-3704,3000,74306.617735
-6188,3000,74316.050319
-12460,3000,74325.531709
-6436,3000,74336.012905
-16520,3000,74346.792305
-7476,3000,74357.79348
-10384,3000,74368.491572
-13796,3000,74378.212875
-1428,3000,74388.227822
-10648,3000,74399.301098
-3352,3000,74409.009527
-4392,3000,74419.375115
-3592,3000,74429.343034
-10384,3000,74439.534204
-8420,3000,74449.246971
-9420,3000,74468.771865
-4504,3000,74478.308016
-304,3000,74488.298822
-2652,3000,74499.258281
-9500,3000,74509.420175
-9532,3000,74519.160337
-6396,3000,74529.335702
-10428,3000,74539.644701
-5528,3000,74550.075919
-8308,3000,74560.662033
-5556,3000,74570.680297
-7680,3000,74580.664758
-3268,3000,74591.128108
-7148,3000,74601.136677
-5288,3000,74611.046299
-4368,3000,74621.330086
-1312,3000,74631.914762
-5240,3000,74642.112726
-328,3000,74652.038408
-10432,3000,74662.422382
-5196,3000,74671.819463
-8456,3000,74681.853357
-5100,3000,74692.052175
-2152,3000,74701.945805
-6492,3000,74711.389085
-18288,3000,74721.576739
-7400,3000,74731.403302
-8748,3000,74741.579859
-6564,3000,74751.793859
-3460,3000,74761.218536
-9392,3000,74771.078886
-5472,3000,74781.70429
-6580,3000,74791.295341
-4400,3000,74801.205631
-15392,3000,74811.163267
-14624,3000,74821.367564
-15428,3000,74830.889992
-9420,3000,74840.45028
-8512,3000,74850.331983
-12256,3000,74861.177808
-4548,3000,74871.653955
-6688,3000,74881.214971
-8524,3000,74891.352452
-7852,3000,74901.397508
-8244,3000,74912.859352
-9508,3000,74922.839672
-6172,3000,74933.543023
-7796,3000,74943.806156
-3256,3000,74953.983323
-4404,3000,74964.086276
2420,3000,74974.186982
-13308,3000,74984.597221
-7612,3000,74994.358075
-5296,3000,75004.336426
-20632,3000,75014.540395
-8544,3000,75024.218679
-10400,3000,75034.449691
-7584,3000,75043.908465
-2676,3000,75053.965438
-5456,3000,75064.784269
-5516,3000,75074.969036
-9748,3000,75084.659366
-3256,3000,75094.887705
-10448,3000,75104.618993
1804,3000,75115.090154
-5664,3000,75125.684574
-11484,3000,75144.4313
-9236,3000,75154.565254
-4516,3000,75165.050435
-3268,3000,75175.720813
-6644,3000,75185.503993
-9172,3000,75195.760423
-6588,3000,75206.695153
-13568,3000,75217.175293
-6672,3000,75227.662712
-6132,3000,75238.22666
-17848,3000,75247.963905
-10728,3000,75257.447715
616,3000,75267.244679
-3664,3000,75277.260681
-16204,3000,75287.252848
-6600,3000,75297.187095
-9576,3000,75307.342085
-9248,3000,75317.495306
-7328,3000,75327.730996
-10540,3000,75337.854719
-6644,3000,75348.239585
-12216,3000,75358.277918
-8468,3000,75368.467107
-12436,3000,75378.44981
-12472,3000,75388.790922
-11740,3000,75398.764462
-11484,3000,75408.841898
-5540,3000,75418.865876
-11444,3000,75428.651044
-4100,3000,75438.591151
-2488,3000,75448.420568
-11412,3000,75458.837331
-7664,3000,75469.028285
-5220,3000,75479.381026
-2324,3000,75489.561297
-9384,3000,75499.92711
-3556,3000,75510.00357
-8524,3000,75520.059634
-4488,3000,75530.366537
-7608,3000,75540.24643
-10436,3000,75550.290271
-7528,3000,75561.221347
-4336,3000,75571.815177
-8588,3000,75582.017892
-4532,3000,75592.11661
-11608,3000,75602.321053
-5360,3000,75612.811261
-12544,3000,75622.979159
-10476,3000,75633.098322
-6436,3000,75643.277301
-8392,3000,75653.392108
-8604,3000,75664.299316
-7444,3000,75674.359841
-3260,3000,75685.192082
-1696,3000,75695.100212
-6528,3000,75704.847864
-5440,3000,75714.509096
-9212,3000,75725.308058
-9508,3000,75736.044334
-12452,3000,75746.034966
-2652,3000,75756.176922
-5552,3000,75765.687723
-12480,3000,75775.594409
-5392,3000,75785.911529
-15584,3000,75795.691352
-8332,3000,75806.296071
-7660,3000,75816.32246
-10724,3000,75835.055506
-9404,3000,75845.434952
-14764,3000,75855.493967
-5168,3000,75865.401827
-9532,3000,75875.533064
-11776,3000,75885.041353
-760,3000,75895.086529
-11308,3000,75905.469757
-11380,3000,75915.509666
-5480,3000,75926.148042
-14500,3000,75937.04954
-4268,3000,75947.001568
-11576,3000,75956.811803
-11368,3000,75966.467445
-16524,3000,75976.717864
-8464,3000,75987.350865
-8596,3000,75997.658665
-6312,3000,76007.887433
-9500,3000,76018.305385
-1372,3000,76028.657313
-10116,3000,76038.918715
-5400,3000,76049.414899
-10844,3000,76059.705445
-3332,3000,76070.545408
-9536,3000,76081.705228
-11564,3000,76092.603585
-14660,3000,76102.852369
-9508,3000,76113.42045
-5556,3000,76123.093899
-11484,3000,76133.296526
-6716,3000,76142.88464
-6444,3000,76153.329507
-16568,3000,76163.196215
-10716,3000,76173.730819
-9204,3000,76183.66785
-6288,3000,76194.441083
-7480,3000,76204.390218
-17724,3000,76215.0682
-12500,3000,76225.539725
-10740,3000,76235.764951
-1564,3000,76245.938501
-5536,3000,76256.411482
-3648,3000,76267.127893
-2688,3000,76277.100953
-8856,3000,76287.044968
-8512,3000,76296.901556
-13480,3000,76307.245519
-3480,3000,76317.937026
-12504,3000,76327.997676
-7348,3000,76338.111548
-7896,3000,76348.553246
-3056,3000,76359.435131
-10588,3000,76370.604924
-10296,3000,76380.962355
-9628,3000,76391.411233
-12728,3000,76401.211863
-4784,3000,76410.597496
-1416,3000,76420.918023
-7480,3000,76430.862713
-2404,3000,76440.592352
-4544,3000,76450.514071
-8332,3000,76460.567043
-6468,3000,76471.652625
-2592,3000,76481.455715
-12472,3000,76491.562009
-380,3000,76502.27889
-7124,3000,76512.837485
-8848,3000,76531.890289
-12552,3000,76541.9302
-9612,3000,76552.078836
-7564,3000,76561.819228
-8320,3000,76571.707945
-12608,3000,76581.915772
-7740,3000,76592.571674
-5716,3000,76603.211569
-11756,3000,76613.444425
-10892,3000,76623.012424
-5360,3000,76633.903186
-13480,3000,76644.043341
-1604,3000,76653.622042
-5548,3000,76663.99019
-4556,3000,76673.874937
-6660,3000,76683.959927
-9364,3000,76693.771898
-12376,3000,76704.194288
-7788,3000,76714.450612
-5368,3000,76724.34653
-4588,3000,76734.259247
-9656,3000,76744.421492
-8620,3000,76754.716558
-12364,3000,76764.562808
-3432,3000,76774.571724
-13520,3000,76784.527199
-3452,3000,76794.955608
-16520,3000,76805.814423
-5476,3000,76816.156949
-10752,3000,76826.579366
-14288,3000,76837.153582
-8688,3000,76847.463562
-5392,3000,76857.665387
-6668,3000,76867.913958
-6580,3000,76877.669167
-13576,3000,76888.016723
-14516,3000,76898.283733
-9324,3000,76908.743566
-6828,3000,76918.933346
-10472,3000,76929.152862
-9652,3000,76939.615477
-10496,3000,76949.49571
-5732,3000,76960.441056
-6568,3000,76970.434262
-9536,3000,76980.236056
-5332,3000,76991.021841
-8504,3000,77001.349611
-8308,3000,77011.581349
-9436,3000,77021.823362
-2584,3000,77032.003826
-3588,3000,77041.829215
-7388,3000,77051.700886
-16700,3000,77061.422679
-224,3000,77071.603754
-7756,3000,77081.769206
-7380,3000,77092.268081
-10680,3000,77103.210885
-9576,3000,77113.446777
-11404,3000,77123.349025
-9376,3000,77134.002883
-8500,3000,77144.193427
-5336,3000,77154.49775
-12596,3000,77165.324555
-9772,3000,77175.313757
-1456,3000,77186.027852
-5500,3000,77196.564888
-640,3000,77215.675691
-9576,3000,77226.120465
-5476,3000,77236.981942
-10296,3000,77247.081394
-10344,3000,77257.390112
-1652,3000,77268.582839
-3204,3000,77278.877012
-4352,3000,77289.173635
-9632,3000,77299.776076
-7272,3000,77309.975066
-10628,3000,77320.570922
-8280,3000,77330.240597
-8300,3000,77340.697426
-12544,3000,77350.661976
-1608,3000,77360.847258
-8532,3000,77371.851473
-7700,3000,77381.377301
-5452,3000,77391.660142
-11604,3000,77402.015416
-10128,3000,77412.366199
-11760,3000,77423.11302
-8464,3000,77433.278419
-9320,3000,77443.302125
-13600,3000,77453.700914
-8444,3000,77463.243602
-13336,3000,77473.609775
-2500,3000,77483.646447
-7356,3000,77494.011452
-6668,3000,77504.152021
-10400,3000,77514.793447
-14328,3000,77524.79021
1408,3000,77534.617454
-4612,3000,77544.779606
-7508,3000,77554.905914
-8500,3000,77564.972679
-12312,3000,77575.548926
-8584,3000,77585.7892
-5464,3000,77595.987947
-8552,3000,77605.848823
-8472,3000,77616.496991
-6364,3000,77626.788159
-7316,3000,77637.192542
-6120,3000,77647.459005
-7532,3000,77657.522011
-9440,3000,77667.334136
-16548,3000,77677.936738
-9624,3000,77688.125972
-2764,3000,77698.067095
-9488,3000,77708.018085
-6688,3000,77718.051217
-3156,3000,77728.027692
-13692,3000,77738.202609
-6604,3000,77748.985021
-9800,3000,77758.760369
-9464,3000,77769.362512
-9284,3000,77780.377501
-13660,3000,77791.025246
-5216,3000,77800.967113
-8792,3000,77811.759181
-7720,3000,77821.830445
-8532,3000,77832.554731
-9816,3000,77842.843218
-1240,3000,77852.924343
-9708,3000,77862.679538
-14672,3000,77873.015766
-6640,3000,77883.310753
-2288,3000,77893.506564
-7352,3000,77912.228848
-6432,3000,77922.33057
-11548,3000,77932.366794
-16812,3000,77942.065767
-8552,3000,77952.025587
-5668,3000,77962.529231
-5548,3000,77972.844588
-6492,3000,77982.687267
-7440,3000,77993.138829
-6484,3000,78004.480757
-12508,3000,78014.583204
-6476,3000,78024.629532
-5716,3000,78034.9583
-6320,3000,78045.481699
-12672,3000,78055.753509
-7456,3000,78067.042864
-10152,3000,78077.260193
-7696,3000,78087.406317
-10356,3000,78098.19273
-6604,3000,78108.183344
-4364,3000,78118.252246
-7572,3000,78128.506322
-6496,3000,78138.8299
-6660,3000,78149.015795
-9492,3000,78159.240638
-3612,3000,78169.321743
-11536,3000,78179.235956
-5416,3000,78188.989475
-13424,3000,78198.943429
-13220,3000,78209.640008
-7716,3000,78220.194992
-10236,3000,78231.189285
-2448,3000,78240.902267
-9724,3000,78250.329065
-5508,3000,78260.368785
-7176,3000,78271.300962
-8704,3000,78281.668396
-4616,3000,78292.562696
-1384,3000,78303.475099
-10392,3000,78313.767573
-10488,3000,78324.299825
-10652,3000,78335.5081
-12488,3000,78345.810158
-16860,3000,78356.474997
-3624,3000,78366.532537
-8344,3000,78376.6257
-9364,3000,78387.301857
-14568,3000,78398.135026
-3376,3000,78408.360702
-7724,3000,78418.058515
-5456,3000,78428.598767
-2492,3000,78438.932944
-7480,3000,78448.408277
-13400,3000,78459.101001
-5760,3000,78469.463379
-3796,3000,78478.981852
-7544,3000,78489.194871
-13644,3000,78499.947738
-12852,3000,78509.774661
-7432,3000,78520.279051
-5612,3000,78530.454595
-7556,3000,78540.042405
-10632,3000,78550.858613
-5424,3000,78560.801903
-3440,3000,78570.749651
-14488,3000,78580.695151
-4568,3000,78590.815685
-11660,3000,78610.338983
-6716,3000,78620.603096
-6584,3000,78631.127908
-8564,3000,78641.458
-10196,3000,78651.655906
-9592,3000,78662.143715
-11596,3000,78672.930638
-7544,3000,78683.681058
-8436,3000,78693.240461
-10512,3000,78703.068657
-4500,3000,78713.181943
-5540,3000,78723.58302
-9376,3000,78734.504032
-7356,3000,78744.982945
-7716,3000,78754.912826
-6140,3000,78764.997605
-15544,3000,78774.3959
-12596,3000,78784.947888
-6672,3000,78795.277087
-2368,3000,78805.176843
-14532,3000,78815.458068
-6332,3000,78825.551866
-20368,3000,78835.638829
-5480,3000,78846.131348
-13276,3000,78857.026939
-11352,3000,78866.963468
-17520,3000,78877.551365
-11064,3000,78888.246441
-9432,3000,78898.987094
-4056,3000,78910.010518
-1524,3000,78920.29773
-13492,3000,78929.738453
-5752,3000,78939.646476
-12464,3000,78949.140559
-6560,3000,78959.445075
-8564,3000,78969.328154
-7496,3000,78979.617186
-13348,3000,78989.889023
-3292,3000,79000.287411
-17416,3000,79011.003337
-7236,3000,79021.193555
-11500,3000,79032.262921
-9548,3000,79042.885231
-5388,3000,79052.981532
-6304,3000,79063.16392
-8624,3000,79073.238053
-7676,3000,79082.946438
-11408,3000,79092.872942
-11644,3000,79102.970352
-6636,3000,79113.127458
-6652,3000,79123.064176
-10608,3000,79133.698422
-4636,3000,79144.347186
-11468,3000,79155.10555
-14612,3000,79165.414623
-11544,3000,79175.668628
-9364,3000,79185.927482
-10640,3000,79195.957509
-12516,3000,79206.521078
-7500,3000,79216.626724
-10620,3000,79226.900749
-4604,3000,79237.58454
-6496,3000,79248.270429
-5380,3000,79258.730558
-8548,3000,79268.588187
-1512,3000,79279.322285
-13640,3000,79298.258928
-6756,3000,79308.556094
-5584,3000,79318.282244
-7696,3000,79328.248815
-8816,3000,79338.45859
-496,3000,79348.584162
-4248,3000,79358.92695
-7632,3000,79369.454478
-16520,3000,79380.165475
-12820,3000,79390.570021
-9260,3000,79400.816957
-8616,3000,79411.630008
-8436,3000,79421.596312
-9616,3000,79432.500577
-6824,3000,79442.781071
-14504,3000,79452.992991
-14628,3000,79463.264913
-12808,3000,79473.673005
-372,3000,79484.283895
-4440,3000,79494.348235
-5604,3000,79504.552281
308,3000,79514.6384
-12316,3000,79525.050861
-6476,3000,79535.594005
-11404,3000,79545.445249
-8316,3000,79556.002194
-17440,3000,79566.276909
-9220,3000,79576.685323
-3744,3000,79587.306417
-11480,3000,79597.78071
-5488,3000,79607.999371
-7628,3000,79618.080687
-6404,3000,79628.37173
-8652,3000,79638.625689
-11260,3000,79648.261986
-10400,3000,79658.779534
-3548,3000,79668.64412
-10588,3000,79678.279279
-5812,3000,79688.417803
-6496,3000,79698.951665
-13416,3000,79708.915514
-8748,3000,79718.837358
-9616,3000,79729.635049
-8392,3000,79739.922975
-5516,3000,79750.133423
-10424,3000,79760.394909
-5472,3000,79770.45786
-7540,3000,79779.936123
-6416,3000,79790.108018
-5780,3000,79800.636433
-12460,3000,79811.112923
-6544,3000,79821.177567
-9692,3000,79832.091073
-3456,3000,79841.716871
-11576,3000,79851.554076
-14812,3000,79861.528318
-5464,3000,79872.087537
-2456,3000,79881.68268
-15388,3000,79891.862906
-3720,3000,79901.853129
-7400,3000,79911.587048
-12640,3000,79921.460552
-7528,3000,79931.574311
-8560,3000,79941.625379
-5572,3000,79951.336135
-10432,3000,79961.722412
-2364,3000,79971.732989
-5540,3000,79990.147925
-5584,3000,80000.493633
-4696,3000,80010.04004
-4880,3000,80019.49004
-10252,3000,80030.190791
-10580,3000,80040.752362
-5292,3000,80052.42726
-6572,3000,80062.29727
580,3000,80071.879742
-10344,3000,80081.995984
-11312,3000,80092.336672
-7496,3000,80102.797513
-3268,3000,80113.257654
-1432,3000,80124.08061
-6536,3000,80134.64814
-6604,3000,80144.525211
-13496,3000,80154.149787
-10708,3000,80163.957869
-2460,3000,80173.890714
-9932,3000,80183.982461
-3168,3000,80194.400402
-3372,3000,80204.087991
-8584,3000,80213.584575
-1560,3000,80223.132464
-11496,3000,80233.054363
-1436,3000,80243.039401
-3372,3000,80252.988021
-5604,3000,80262.647995
-13536,3000,80272.721491
-14240,3000,80282.741853
-9384,3000,80292.997864
-8268,3000,80303.439543
-13264,3000,80314.374997
-14396,3000,80324.64671
-4380,3000,80334.753627
-9408,3000,80344.741576
-4292,3000,80354.594059
-3368,3000,80364.858579
-10500,3000,80374.560268
-8800,3000,80384.321599
-7876,3000,80393.623181
-13596,3000,80403.320379
-13608,3000,80413.425907
-11512,3000,80423.355425
-9464,3000,80433.238239
-12296,3000,80443.49131
-7808,3000,80452.941934
-12260,3000,80462.496297
-8464,3000,80472.493143
-8276,3000,80482.498205
-10864,3000,80492.254684
-5564,3000,80501.864014
-10624,3000,80511.816354
-7376,3000,80521.871134
-2420,3000,80531.920824
-8528,3000,80541.50377
-12524,3000,80551.767474
-8396,3000,80561.078869
-3652,3000,80571.138776
-5852,3000,80581.041065
-3480,3000,80591.044411
-14444,3000,80601.200766
-8508,3000,80611.26269
-5580,3000,80621.80332
-7620,3000,80631.633031
-10512,3000,80641.646778
-12392,3000,80652.742908
-10464,3000,80671.539891
-15584,3000,80681.10621
-9628,3000,80690.928322
-3592,3000,80701.455549
-6648,3000,80712.079117
-13524,3000,80722.441543
-4376,3000,80733.414299
-9296,3000,80744.434992
-5496,3000,80754.747364
-25644,3000,80763.93413
-13536,3000,80773.758339
-13364,3000,80783.811584
-9668,3000,80793.646523
-1436,3000,80803.208728
-7480,3000,80813.087526
-9680,3000,80823.070569
-3572,3000,80832.931659
-6512,3000,80843.347235
-5464,3000,80853.468783
-7488,3000,80864.574516
-6652,3000,80875.13163
-8792,3000,80885.352072
-7556,3000,80895.105549
-13328,3000,80905.497943
-5364,3000,80916.011909
-8404,3000,80925.789092
-13388,3000,80936.015878
-5476,3000,80946.695718
-8448,3000,80956.45465
-9564,3000,80966.636145
-5256,3000,80977.180905
-416,3000,80987.269793
-524,3000,80997.052295
-7572,3000,81007.717448
-8572,3000,81017.80692
-4528,3000,81027.420662
-9492,3000,81037.558238
-8416,3000,81047.747096
-5560,3000,81057.532407
-11848,3000,81067.556022
-11404,3000,81077.364795
-8300,3000,81087.518663
-4676,3000,81097.326808
-8312,3000,81107.516066
-12520,3000,81117.622512
-13424,3000,81127.172543
-11576,3000,81136.868591
-5468,3000,81146.862689
-8744,3000,81156.78205
-6488,3000,81167.140065
-6704,3000,81177.00404
-10440,3000,81186.812258
-1512,3000,81196.44528
-4480,3000,81207.013717
-7532,3000,81217.874172
-6436,3000,81228.542188
-9528,3000,81238.114001
-9328,3000,81247.857381
-4432,3000,81258.070544
-7400,3000,81268.902218
-5308,3000,81279.574277
-11548,3000,81290.472092
-10424,3000,81300.94453
-9740,3000,81311.125384
-7420,3000,81320.87428
-5524,3000,81330.569978
-5104,3000,81349.818636
-8480,3000,81360.477642
-8220,3000,81371.086786
-4496,3000,81381.48308
-8440,3000,81391.474503
-1480,3000,81401.5315
-13640,3000,81411.173063
-1456,3000,81420.871422
-12532,3000,81431.457021
-11380,3000,81442.321773
-4492,3000,81452.442187
-5604,3000,81462.01281
-14504,3000,81472.358842
-9620,3000,81482.935294
-5588,3000,81493.409896
-7760,3000,81503.560523
-9652,3000,81514.510263
-8532,3000,81525.108545
-10472,3000,81536.029763
-11288,3000,81546.59895
-2928,3000,81557.064479
-12236,3000,81567.659204
-11696,3000,81577.577385
-6612,3000,81588.046228
-9520,3000,81598.619239
-7392,3000,81609.608484
-2836,3000,81619.881694
-9328,3000,81630.397192
-10600,3000,81640.521308
548,3000,81651.418179
-8624,3000,81661.331525
-10604,3000,81671.250301
-3232,3000,81681.66471
-4504,3000,81692.850233
-11428,3000,81703.71171
-4776,3000,81713.679162
-1504,3000,81724.10348
-3436,3000,81734.028289
-6680,3000,81743.776857
-12520,3000,81753.914472
-14536,3000,81764.174275
-6284,3000,81774.195929
-13660,3000,81784.337585
-460,3000,81794.901524
-25616,3000,81805.657324
-6700,3000,81816.356181
-6680,3000,81825.6836
-4528,3000,81835.143597
-7544,3000,81845.583687
-7680,3000,81855.981888
-6736,3000,81866.796367
-9600,3000,81876.528608
-7312,3000,81887.094887
-3612,3000,81897.124017
-21032,3000,81907.686486
-5316,3000,81918.318012
-496,3000,81928.717403
-6564,3000,81938.970865
-13712,3000,81949.128394
-6524,3000,81959.163589
1524,3000,81969.344935
-4408,3000,81979.747532
-15120,3000,81990.188894
-6528,3000,82001.227099
-2296,3000,82011.219721
-12668,3000,82021.602509
-7684,3000,82030.965447
-13232,3000,82049.553364
-5556,3000,82059.960253
-9652,3000,82069.926922
-5752,3000,82080.628259
-8396,3000,82091.152954
-9524,3000,82101.676447
-5564,3000,82112.103331
-12488,3000,82122.25789
-10508,3000,82132.359692
-13712,3000,82142.542803
-5592,3000,82152.50768
-6368,3000,82162.482523
-8564,3000,82172.503563
-8568,3000,82182.996758
-5484,3000,82192.910318
-10500,3000,82203.047631
-12356,3000,82213.208922
-6804,3000,82223.752564
-12592,3000,82234.704811
-12548,3000,82246.381375
-5620,3000,82256.500279
-4436,3000,82267.244736
-13304,3000,82278.19362
520,3000,82288.121673
-12736,3000,82298.013945
-5584,3000,82308.624259
-5136,3000,82319.637781
-10276,3000,82329.865542
-6780,3000,82340.576452
-5528,3000,82351.772577
-18512,3000,82362.351014
1668,3000,82372.750532
-5776,3000,82383.662933
-14568,3000,82393.897085
-4468,3000,82403.807409
-17544,3000,82413.754781
-17576,3000,82424.183739
-8244,3000,82434.712546
-13560,3000,82445.040996
-6548,3000,82456.092499
-3444,3000,82466.789042
-3708,3000,82477.004423
-4624,3000,82486.962803
-11488,3000,82497.490376
-2352,3000,82508.108912
-4588,3000,82518.200264
-6380,3000,82528.315935
-7616,3000,82539.023573
-12196,3000,82549.865864
-14400,3000,82560.417052
-5500,3000,82570.127953
-5628,3000,82581.49374
-5476,3000,82592.655916
-10276,3000,82604.011112
-10720,3000,82614.75373
-10776,3000,82625.068937
-9620,3000,82635.064868
-4672,3000,82645.23968
-10416,3000,82655.49701
-10516,3000,82665.509003
-5656,3000,82676.10667
-6300,3000,82687.286763
-3248,3000,82697.194469
-8536,3000,82707.151514
-5336,3000,82717.264594
-9376,3000,82727.654185
-11364,3000,82737.827564
-12580,3000,82756.495229
-8356,3000,82766.292922
-11548,3000,82775.903967
-6540,3000,82785.365561
-15556,3000,82795.73978
-14588,3000,82806.358703
-7628,3000,82816.939478
-7700,3000,82827.138892
-13892,3000,82837.254073
-4588,3000,82847.506607
-5280,3000,82857.505957
-11804,3000,82868.51428
-12432,3000,82878.616764
-10476,3000,82888.519911
-11672,3000,82898.591703
-11736,3000,82908.937351
-2616,3000,82918.400557
-5756,3000,82927.744633
-7572,3000,82937.356924
-6400,3000,82947.265664
-8312,3000,82957.163787
-11664,3000,82967.991225
-7756,3000,82977.565866
-12460,3000,82987.180897
-432,3000,82996.923009
-784,3000,83006.579757
-9652,3000,83016.102747
-5568,3000,83026.465202
-9280,3000,83036.911147
-7488,3000,83046.968051
-3584,3000,83056.681268
-2676,3000,83067.022635
-4452,3000,83076.868902
-3320,3000,83086.72251
-5500,3000,83097.532405
-8620,3000,83107.816442
-4520,3000,83118.318712
-10108,3000,83128.841551
-2632,3000,83138.644524
-9440,3000,83148.865953
-6480,3000,83158.634559
-11624,3000,83168.620592
-7760,3000,83178.289516
-14852,3000,83188.493872
-9660,3000,83199.566027
-10420,3000,83209.783293
-6584,3000,83219.879894
-9360,3000,83230.483011
-14404,3000,83241.022431
-7592,3000,83251.405262
-18768,3000,83261.575143
-3604,3000,83271.488993
-6280,3000,83281.542724
-8560,3000,83292.290608
-11784,3000,83302.628942
-7532,3000,83313.464227
-10300,3000,83324.449899
-7460,3000,83334.190243
-10320,3000,83344.11538
-10500,3000,83354.23707
-10536,3000,83364.656832
-15268,3000,83374.462324
-4312,3000,83384.488251
-17332,3000,83394.484099
-7524,3000,83404.300444
-4480,3000,83414.443909
-13368,3000,83433.101903
-9492,3000,83442.858925
-3376,3000,83453.115061
-13536,3000,83463.330023
-14572,3000,83473.012017
-3280,3000,83483.67089
-2384,3000,83493.809329
-8504,3000,83504.299958
-1784,3000,83514.069654
-4756,3000,83524.218718
-8408,3000,83534.950014
-3776,3000,83545.249427
-1500,3000,83555.754664
-7660,3000,83565.604362
-17408,3000,83575.80942
768,3000,83586.190398
-3436,3000,83596.103517
-6492,3000,83605.75066
-15800,3000,83616.133496
-7396,3000,83625.857708
-12592,3000,83635.347344
-11288,3000,83645.360558
-6672,3000,83655.714403
-5380,3000,83666.266222
-6632,3000,83676.345841
-9260,3000,83686.827398
-8092,3000,83697.52165
-6688,3000,83707.605968
-3412,3000,83717.15878
-8420,3000,83726.828616
-11404,3000,83737.31259
-2188,3000,83747.178383
-6872,3000,83757.035449
-5504,3000,83767.512417
-9592,3000,83777.853043
-3548,3000,83787.92591
-12536,3000,83798.402235
-10680,3000,83808.747103
-7536,3000,83818.722788
-8624,3000,83829.501318
-9632,3000,83840.242641
-5388,3000,83850.628108
-9776,3000,83861.255732
-15536,3000,83870.993488
-7476,3000,83881.456891
-13400,3000,83892.418587
-7532,3000,83903.353697
-6536,3000,83914.350686
-5352,3000,83924.580127
-3608,3000,83934.063201
-7624,3000,83943.829151
-8584,3000,83954.25489
-5584,3000,83964.198708
-12516,3000,83974.833779
-10576,3000,83985.103757
-9712,3000,83995.216505
-10564,3000,84005.277957
-7504,3000,84015.500255
-10716,3000,84026.105648
-10560,3000,84035.924189
-8488,3000,84045.863218
-8416,3000,84056.618376
-12676,3000,84066.901304
-7444,3000,84076.892584
-10592,3000,84087.805364
-16816,3000,84097.288502
-13392,3000,84107.29784
-8220,3000,84126.168521
-3688,3000,84135.881721
-7252,3000,84145.916929
-9288,3000,84156.354466
-8412,3000,84166.588675
-6632,3000,84176.409019
-6640,3000,84186.716294
-12588,3000,84197.178545
-10204,3000,84207.735951
-8312,3000,84218.497115
-9556,3000,84228.331105
-6604,3000,84238.149701
-10408,3000,84247.723599
-7828,3000,84257.326196
-2428,3000,84267.206167
1728,3000,84277.355452
-14392,3000,84288.420812
-13648,3000,84298.712954
-6400,3000,84308.492553
-10432,3000,84318.514652
-5560,3000,84328.665408
-10280,3000,84338.66676
-7820,3000,84348.258975
-2708,3000,84358.775194
-13668,3000,84368.921341
-6840,3000,84378.186608
-7668,3000,84387.921281
-5592,3000,84397.538216
-5672,3000,84407.094573
-9712,3000,84416.758272
-11308,3000,84426.6212
-13720,3000,84436.453333
-4680,3000,84446.462064
-8688,3000,84456.533897
-12684,3000,84466.966641
-6612,3000,84477.280836
-10448,3000,84487.683567
-11640,3000,84498.357708
304,3000,84508.623945
-6860,3000,84519.504378
-11332,3000,84529.599025
-1408,3000,84539.279006
-8512,3000,84549.310349
-15248,3000,84559.661542
-19408,3000,84569.346858
-15476,3000,84579.52296
-7568,3000,84589.783937
-7892,3000,84600.614802
-3704,3000,84610.838364
-6516,3000,84621.85583
-6328,3000,84632.833104
-5400,3000,84643.283001
-9604,3000,84654.464711
-6636,3000,84664.906492
-5416,3000,84675.609765
-5252,3000,84686.312371
-7408,3000,84696.227648
-11364,3000,84707.236197
-11368,3000,84717.778451
-6572,3000,84727.849809
-2644,3000,84738.083467
-8484,3000,84748.650793
-8756,3000,84759.265198
-9652,3000,84768.832492
-6312,3000,84779.175883
-3496,3000,84789.53288
-6188,3000,84800.02933
-7560,3000,84820.100461
-12296,3000,84830.77131
-10652,3000,84841.262289
-11856,3000,84851.308318
-6308,3000,84861.600312
-4172,3000,84871.898833
-10536,3000,84882.230694
-10500,3000,84892.644796
-5336,3000,84902.702761
-7544,3000,84913.085939
-6584,3000,84923.639902
-4372,3000,84934.492175
-5684,3000,84945.341271
-5540,3000,84955.535308
-8536,3000,84965.804633
-9380,3000,84976.179425
-3552,3000,84987.27663
-7444,3000,84998.009775
-2536,3000,85007.939942
-5696,3000,85017.924783
-18604,3000,85027.721249
-9264,3000,85037.510064
-17456,3000,85048.236349
-6572,3000,85058.309596
-10628,3000,85068.964277
-10796,3000,85079.308345
-12244,3000,85090.002009
-13364,3000,85100.385281
-4564,3000,85110.007425
-8660,3000,85119.783586
-6668,3000,85129.848869
-5644,3000,85140.008344
-5664,3000,85150.289799
-5548,3000,85160.503866
-9380,3000,85170.461915
-1260,3000,85180.488678
528,3000,85190.520134
-1504,3000,85200.915049
-8680,3000,85211.505435
-4492,3000,85221.865043
-7476,3000,85232.254543
-9628,3000,85241.750755
-7804,3000,85251.401756
-2472,3000,85261.864635
-1440,3000,85272.722757
-5400,3000,85283.133017
-9432,3000,85294.327691
-3400,3000,85304.961052
-6360,3000,85314.986268
-11436,3000,85325.268629
-7568,3000,85335.54334
-12324,3000,85345.550214
-14476,3000,85355.802998
-5364,3000,85365.784
-12560,3000,85376.485623
-14576,3000,85386.831452
-3480,3000,85397.047922
-804,3000,85406.964639
-12520,3000,85417.067943
-9504,3000,85427.386358
-12500,3000,85436.772932
-8464,3000,85447.038514
-5520,3000,85456.996996
-9632,3000,85466.568777
-4416,3000,85476.201394
-13660,3000,85486.289535
-14656,3000,85505.600875
-10372,3000,85515.499164
-6600,3000,85525.858123
-11476,3000,85536.807176
-11536,3000,85547.116517
-7580,3000,85556.758476
-11392,3000,85566.724164
-1672,3000,85576.080581
-12228,3000,85586.761878
-13364,3000,85596.480994
-3584,3000,85606.397883
-4340,3000,85616.276913
-4720,3000,85626.598805
-19660,3000,85637.01011
-4420,3000,85647.160556
-5380,3000,85657.589204
-10672,3000,85667.377823
-6588,3000,85677.508579
-3296,3000,85687.613959
-7248,3000,85698.018677
-9752,3000,85708.10718
-5744,3000,85718.936926
-11264,3000,85728.490547
-2600,3000,85738.951159
-9704,3000,85748.438674
-13472,3000,85758.5006
-13184,3000,85768.183578
-4700,3000,85777.995185
-8372,3000,85788.170366
-8568,3000,85797.953422
-9288,3000,85808.674729
-6624,3000,85818.939858
-5376,3000,85828.994154
-14208,3000,85839.633639
-4624,3000,85849.744392
-6472,3000,85860.053594
-9572,3000,85871.21803
-7316,3000,85881.808975
-16352,3000,85892.112309
-3396,3000,85902.181104
-7388,3000,85911.960875
-12540,3000,85921.754362
-7564,3000,85931.398933
-4460,3000,85941.661657
-7492,3000,85952.016948
-3692,3000,85962.089651
-4536,3000,85972.574839
-10504,3000,85982.59093
-13568,3000,85993.369944
-11396,3000,86004.069911
-8760,3000,86014.00259
-4500,3000,86024.278788
-5512,3000,86034.240108
-12464,3000,86044.24247
-13744,3000,86054.35234
-13844,3000,86064.367162
-5600,3000,86074.140931
-12820,3000,86084.025885
-17564,3000,86093.867772
-4672,3000,86104.015503
-7516,3000,86114.39505
-6512,3000,86124.72305
-17488,3000,86135.520898
-5752,3000,86145.865536
-4716,3000,86156.362333
-8436,3000,86166.330362
-8644,3000,86175.905829
-7836,3000,86195.412277
-9432,3000,86205.031735
-7792,3000,86215.739757
-10320,3000,86226.568212
-6480,3000,86236.530754
-9648,3000,86247.176051
-9832,3000,86257.823091
-7304,3000,86268.396621
-4452,3000,86279.329834
-7308,3000,86290.470406
-1500,3000,86300.384174
-5368,3000,86310.435624
-2556,3000,86320.397286
-2668,3000,86330.139418
-1748,3000,86339.868673
-5656,3000,86349.970649
-464,3000,86360.248785
-6604,3000,86370.146574
-11724,3000,86380.374126
-8232,3000,86390.878233
-11764,3000,86401.294255
-14752,3000,86411.494888
-6704,3000,86421.595798
-16580,3000,86431.63517
-6636,3000,86440.997681
-3168,3000,86451.293863
-8416,3000,86461.600298
-5380,3000,86471.383409
-3308,3000,86481.493658
-7784,3000,86492.208117
-7516,3000,86502.801134
-8852,3000,86512.865872
-3536,3000,86523.427481
-3516,3000,86533.119714
-6324,3000,86543.284435
-8692,3000,86553.398944
-7616,3000,86563.129385
-8524,3000,86573.143278
-10680,3000,86582.804248
-6576,3000,86592.309263
-9308,3000,86602.782639
-5820,3000,86613.057274
-11588,3000,86623.728358
-608,3000,86633.991356
-12704,3000,86643.686589
-8624,3000,86653.703878
-1612,3000,86663.61873
-5556,3000,86674.231309
-17788,3000,86684.314763
-3472,3000,86694.130427
-5632,3000,86703.97313
-4504,3000,86713.705626
-13464,3000,86723.80317
-8668,3000,86733.97335
-3496,3000,86743.629069
-6552,3000,86753.517133
-12352,3000,86763.388256
-5848,3000,86773.492212
-6392,3000,86783.645998
-6700,3000,86794.124793
-7324,3000,86804.555817
-10596,3000,86814.932991
-2604,3000,86825.366963
-7328,3000,86835.398384
-13692,3000,86845.464416
-10544,3000,86855.827233
-3552,3000,86865.557153
-13728,3000,86884.444657
-7488,3000,86894.637866
2308,3000,86905.407038
-7148,3000,86916.156119
-12576,3000,86927.13529
-7480,3000,86937.471455
-10608,3000,86947.586438
-11424,3000,86957.775563
-6472,3000,86967.791595
-5388,3000,86978.197422
-3400,3000,86988.615315
-13436,3000,86998.709947
-14248,3000,87008.608577
-17644,3000,87018.861867
-9408,3000,87029.158182
-8600,3000,87039.597466
-8612,3000,87049.578194
-9316,3000,87059.260545
-3316,3000,87069.336576
-7444,3000,87079.781854
-484,3000,87090.477348
-5408,3000,87101.008419
-7480,3000,87110.804197
-7544,3000,87120.831367
-16536,3000,87130.904403
-4528,3000,87140.996713
-6704,3000,87151.788394
-7544,3000,87162.255902
-10376,3000,87172.527656
-13604,3000,87183.699781
-6648,3000,87193.617686
-13548,3000,87204.327667
-6752,3000,87214.510181
-10276,3000,87224.223928
-5712,3000,87234.193785
-12556,3000,87244.916362
-2404,3000,87254.917339
-8600,3000,87264.625381
-5404,3000,87274.768191
-7464,3000,87285.54534
-11240,3000,87296.009665
-7656,3000,87306.914516
-19568,3000,87316.809477
-5240,3000,87327.228861
-6444,3000,87337.231119
-9528,3000,87347.251998
-5532,3000,87357.648476
-5456,3000,87367.596984
-3740,3000,87378.310139
-6520,3000,87389.035358
-7656,3000,87399.351015
-3496,3000,87409.926175
-8372,3000,87420.018637
-7428,3000,87430.143034
-4704,3000,87440.706926
-10796,3000,87450.468663
-8600,3000,87460.728909
-6532,3000,87471.066565
-12512,3000,87480.700157
-10332,3000,87490.504378
-5488,3000,87500.849973
-4584,3000,87511.55608
-9612,3000,87521.849519
564,3000,87532.302125
-5312,3000,87542.624492
-9600,3000,87552.799696
-10456,3000,87571.820354
-3308,3000,87582.003487
-9720,3000,87591.59237
-11624,3000,87602.047079
-5360,3000,87612.376116
-10612,3000,87622.41046
-5420,3000,87632.257278
-9344,3000,87643.073727
-6508,3000,87653.293114
-8328,3000,87663.149303
-7396,3000,87673.49307
-3672,3000,87683.433651
-7428,3000,87694.127029
-9588,3000,87705.056713
-1568,3000,87715.808237
-8500,3000,87725.689569
-10528,3000,87736.74036
-4912,3000,87746.804319
-9644,3000,87757.130008
-17492,3000,87767.389085
-13552,3000,87777.687981
-10408,3000,87788.40608
-2476,3000,87798.978953
-12464,3000,87809.549638
-9528,3000,87820.131632
-2388,3000,87830.933162
-11748,3000,87841.166274
-6600,3000,87852.391213
-8556,3000,87861.821472
-5464,3000,87872.176456
-11600,3000,87883.051863
-8756,3000,87893.452899
1276,3000,87903.273171
-10608,3000,87914.185091
-8612,3000,87925.74593
-10040,3000,87935.246877
-9444,3000,87945.071095
-7428,3000,87955.177589
-14396,3000,87965.92934
-5788,3000,87975.401849
-9868,3000,87985.592214
-5604,3000,87995.906773
-1348,3000,88006.618286
-4344,3000,88017.19768
-10492,3000,88027.532214
-8236,3000,88037.355421
-6552,3000,88047.528908
-8684,3000,88057.464653
-10448,3000,88067.878958
-7668,3000,88077.936874
-13752,3000,88087.926011
-11552,3000,88097.980097
-16696,3000,88108.438185
-5360,3000,88118.970205
-6548,3000,88128.742028
-5200,3000,88139.043094
-6456,3000,88149.166186
-12552,3000,88159.270327
-4412,3000,88169.138538
-12424,3000,88179.53908
-1764,3000,88189.697611
-1456,3000,88199.32993
-3500,3000,88208.798896
-13352,3000,88218.943478
-11540,3000,88228.925505
-10584,3000,88239.004851
-2576,3000,88249.679806
-5432,3000,88268.079257
-7712,3000,88277.953273
-5768,3000,88287.448624
-2640,3000,88297.641134
-3932,3000,88307.432022
-8460,3000,88317.592208
-10464,3000,88327.969601
-304,3000,88338.895541
-10572,3000,88349.64531
-6580,3000,88360.084265
-7456,3000,88369.835854
-10556,3000,88379.26627
-10740,3000,88389.716328
-5480,3000,88399.921084
-3424,3000,88409.777143
-9608,3000,88419.005874
-8500,3000,88429.129013
-12756,3000,88439.213643
-5352,3000,88449.553296
-17688,3000,88459.533941
-11944,3000,88469.993382
-15636,3000,88480.003212
-6752,3000,88489.762315
-5736,3000,88500.255026
-4744,3000,88510.35708
-5564,3000,88520.122665
-8484,3000,88530.142521
-7336,3000,88541.157547
-15520,3000,88552.105389
-6328,3000,88561.803262
-5572,3000,88571.39937
-11012,3000,88581.643881
-8692,3000,88591.83452
-9804,3000,88602.27174
-404,3000,88612.953146
-7372,3000,88622.869282
-8280,3000,88633.069396
-6452,3000,88643.271504
-13812,3000,88653.276249
-9408,3000,88664.139246
-4576,3000,88674.41937
-6816,3000,88684.860504
-8728,3000,88696.067079
-11700,3000,88705.992822
-5704,3000,88716.134103
-6628,3000,88726.70317
-6440,3000,88737.006066
-15564,3000,88747.066611
-15484,3000,88757.573354
-2576,3000,88768.214808
-3608,3000,88778.581788
-7452,3000,88788.933441
-11368,3000,88799.379248
-8516,3000,88809.17007
-2576,3000,88818.863299
-8392,3000,88829.206568
-10412,3000,88838.537479
-16424,3000,88848.477761
-9488,3000,88858.50881
-5460,3000,88869.502021
-4308,3000,88880.040593
-13492,3000,88890.209156
-10852,3000,88900.51153
-10432,3000,88910.94812
-6624,3000,88921.210901
-10540,3000,88931.680076
-2360,3000,88941.625948
-8236,3000,88961.667755
-8704,3000,88971.554886
-5524,3000,88981.460969
-5644,3000,88991.552927
-6644,3000,89001.856368
-9360,3000,89012.52404
-12432,3000,89022.762572
-10724,3000,89033.575894
-8588,3000,89044.36356
-8604,3000,89055.59114
-2396,3000,89066.302943
-13584,3000,89077.495865
-5420,3000,89088.223455
-7592,3000,89098.260458
-12572,3000,89107.976107
-6576,3000,89118.691367
-8396,3000,89129.839932
-3504,3000,89140.177104
-12556,3000,89151.152654
-5584,3000,89162.277562
-7684,3000,89172.703167
-3708,3000,89182.524897
-7232,3000,89192.065067
-12384,3000,89202.961306
-4468,3000,89214.398998
-4732,3000,89224.913122
-10472,3000,89234.598994
-6340,3000,89244.900728
-10596,3000,89255.130551
-7432,3000,89265.911468
-14536,3000,89275.952752
-4480,3000,89286.188557
-10532,3000,89295.996465
-11744,3000,89306.276314
-10340,3000,89316.264548
-5352,3000,89326.137745
-9436,3000,89336.262114
-8496,3000,89346.779595
-5800,3000,89357.900255
-15556,3000,89368.74827
-11656,3000,89379.870569
-11732,3000,89390.682985
-5424,3000,89401.377762
-8804,3000,89411.178423
-10332,3000,89422.159375
-6656,3000,89432.120429
-13712,3000,89442.706553
-8516,3000,89453.310378
-8652,3000,89464.007554
-7448,3000,89474.639489
-2804,3000,89484.408205
-11680,3000,89494.643758
-7420,3000,89505.659008
-4852,3000,89515.61778
-11364,3000,89526.191929
-10404,3000,89537.094635
-6608,3000,89547.04889
-12656,3000,89557.350675
-3684,3000,89567.766343
-5620,3000,89577.941959
-11728,3000,89587.834607
-4508,3000,89597.440131
-4720,3000,89607.83795
-14268,3000,89618.378322
-4396,3000,89628.715741
-10608,3000,89639.108896
-11188,3000,89658.612715
-8856,3000,89669.005663
-8760,3000,89678.817301
-4608,3000,89688.871926
-11452,3000,89698.933277
-9540,3000,89709.313699
-5260,3000,89719.85686
-9560,3000,89730.751884
-11680,3000,89741.590317
-6340,3000,89751.619256
-10332,3000,89761.377877
-7644,3000,89771.191174
-5468,3000,89781.41208
-7536,3000,89791.489021
-2496,3000,89802.101248
-11536,3000,89812.626889
-9380,3000,89823.099159
-7400,3000,89833.079923
-13600,3000,89843.084304
4536,3000,89853.676745
-11488,3000,89863.62081
-9492,3000,89875.158013
-13612,3000,89886.171383
-10492,3000,89896.386894
-13536,3000,89906.509727
-1392,3000,89916.087743
-4456,3000,89926.167973
-17616,3000,89936.109812
-6348,3000,89945.931108
-9708,3000,89955.928221
-11460,3000,89966.153858
-3532,3000,89976.456431
-9444,3000,89987.366225
-2428,3000,89997.605314
-5532,3000,90007.654387
-8660,3000,90017.755829
-5312,3000,90027.849668
-12708,3000,90038.393936
-6708,3000,90049.10345
-10672,3000,90059.427986
-8784,3000,90069.968735
-5540,3000,90079.764637
-2152,3000,90090.819339
-11752,3000,90101.193053
-2508,3000,90111.483284
-8448,3000,90122.145264
-18652,3000,90133.022271
-6272,3000,90143.141748
-8416,3000,90153.734246
-5412,3000,90163.969759
-12576,3000,90174.387412
-7504,3000,90184.912451
-11700,3000,90195.129947
-14732,3000,90205.241321
-11416,3000,90215.696215
-10752,3000,90226.23365
-6536,3000,90236.641585
-696,3000,90246.319185
-5672,3000,90256.530965
-7728,3000,90266.64254
-15668,3000,90277.16079
-4432,3000,90287.643932
-6648,3000,90298.147527
-7444,3000,90308.757116
-13412,3000,90319.073189
-7408,3000,90329.694895
-11716,3000,90340.592616
-6676,3000,90359.411561
-11572,3000,90369.860778
-10436,3000,90380.455833
-9892,3000,90390.19027
-6356,3000,90400.451169
-8328,3000,90411.057452
-15624,3000,90421.814965
-7388,3000,90432.075756
-12572,3000,90442.856794
-7528,3000,90454.163115
-3600,3000,90464.427471
-19544,3000,90474.744184
-6584,3000,90485.166099
-6444,3000,90495.876998
-11320,3000,90506.124202
-7676,3000,90515.765353
-3568,3000,90526.244272
-2204,3000,90536.120391
-7320,3000,90546.961684
-8340,3000,90557.454237
-16628,3000,90567.884514
-11700,3000,90578.331668
-13576,3000,90588.557657
-13480,3000,90599.140928
-8500,3000,90609.473737
-1224,3000,90620.376245
-16632,3000,90630.574173
-8544,3000,90641.455745
-12576,3000,90651.562315
-14860,3000,90661.66935
-8632,3000,90672.671329
-14444,3000,90683.975616
-10440,3000,90695.349086
-9536,3000,90705.991581
-3636,3000,90716.325917
-10612,3000,90726.618249
-9668,3000,90736.828715
-7868,3000,90747.64033
-9532,3000,90758.256173
-10716,3000,90769.093496
-1116,3000,90779.98087
-8788,3000,90790.188047
-5456,3000,90801.648416
-8536,3000,90812.09704
-8532,3000,90822.768748
-5588,3000,90833.730676
-6336,3000,90844.705251
-6808,3000,90854.760306
-7800,3000,90865.551879
-8536,3000,90875.845277
-10732,3000,90886.46697
-7392,3000,90897.507664
-20500,3000,90908.468401
-11156,3000,90918.843101
-7544,3000,90929.603313
-13536,3000,90940.691628
-4256,3000,90951.722505
-7648,3000,90962.817828
-6204,3000,90973.830738
-8812,3000,90983.912678
-8520,3000,90994.490191
-6628,3000,91005.187905
-5504,3000,91015.918855
-2388,3000,91027.002445
-13788,3000,91036.914994
-2576,3000,91047.146089
-6676,3000,91056.911445
-2552,3000,91076.793848
-7596,3000,91087.338939
-3516,3000,91097.353375
-5572,3000,91107.944164
-8672,3000,91118.102677
-6736,3000,91128.554572
336,3000,91139.220906
-9628,3000,91149.865556
-9524,3000,91159.665525
-16592,3000,91170.243089
-10700,3000,91180.701786
-11444,3000,91190.773571
-3372,3000,91201.434053
-1376,3000,91212.111761
-6556,3000,91222.202989
-10684,3000,91233.17964
-9500,3000,91244.240759
-5544,3000,91254.38079
-4620,3000,91264.071668
-9696,3000,91273.859475
-6436,3000,91284.341288
-10564,3000,91294.539286
-3604,3000,91304.659748
-6684,3000,91314.506644
-4524,3000,91324.451991
-11596,3000,91334.494704
-9384,3000,91345.056423
-6360,3000,91354.998984
-10404,3000,91365.557867
-8664,3000,91376.290571
-5524,3000,91386.197535
-11696,3000,91396.505321
368,3000,91407.091867
-8652,3000,91417.813473
-6824,3000,91429.938658
-5460,3000,91441.152737
-9340,3000,91451.533367
-9648,3000,91461.382185
-10328,3000,91471.367808
-5592,3000,91481.826623
-9564,3000,91491.56522
-9548,3000,91501.886413
-7496,3000,91511.579101
-9532,3000,91521.377315
-8492,3000,91531.334666
-11416,3000,91541.059448
-7588,3000,91550.630209
-1476,3000,91560.535552
-7440,3000,91571.232986
-7652,3000,91581.747742
-2516,3000,91592.027131
-9352,3000,91602.922924
-8556,3000,91613.315589
-4496,3000,91624.186905
-4756,3000,91634.099517
-6364,3000,91644.415606
-15704,3000,91654.296673
-6588,3000,91664.341113
-8740,3000,91674.79199
-11068,3000,91685.664081
-17740,3000,91696.023395
-1396,3000,91706.378092
-6468,3000,91716.776705
-9720,3000,91727.26714
-8460,3000,91737.283326
-8360,3000,91746.979519
-2528,3000,91765.481497
-8372,3000,91776.286031
-5220,3000,91786.355942
-7860,3000,91795.725819
-9740,3000,91805.313804
-11812,3000,91815.037525
-7476,3000,91825.517868
-11900,3000,91836.237542
-1288,3000,91846.188988
-5308,3000,91856.297856
-3596,3000,91867.166506
-12120,3000,91876.795642
-6548,3000,91887.091031
-11672,3000,91896.810657
-3580,3000,91907.014782
-9676,3000,91917.056582
-5720,3000,91926.88898
-11524,3000,91936.764838
-4228,3000,91946.632573
-5636,3000,91956.469641
-15708,3000,91966.195921
-8684,3000,91976.310002
-8364,3000,91986.355331
-10136,3000,91995.914705
-3656,3000,92005.559832
-188,3000,92015.465617
-7244,3000,92025.298492
-7504,3000,92035.206774
-7416,3000,92045.172743
-4388,3000,92055.387845
-12596,3000,92065.205567
-8672,3000,92074.712179
-12552,3000,92084.285139
-11536,3000,92094.21429
-11320,3000,92104.350262
-5588,3000,92114.268703
-8412,3000,92124.073096
-4396,3000,92134.332598
-6676,3000,92144.128066
-8368,3000,92153.962497
-7240,3000,92163.707656
-10580,3000,92173.190655
-768,3000,92183.282529
-5424,3000,92193.408894
-9672,3000,92203.302493
-8500,3000,92213.243041
-4280,3000,92223.371984
-6308,3000,92233.537878
-5612,3000,92243.127663
-9584,3000,92252.723881
-10416,3000,92262.767097
-6684,3000,92272.878003
-13456,3000,92282.64889
-8600,3000,92293.170584
-8852,3000,92302.95978
-8280,3000,92312.952615
-17520,3000,92322.925843
-8528,3000,92332.758014
-14396,3000,92342.269776
-9504,3000,92352.198644
-9736,3000,92361.658918
-464,3000,92371.576146
-9636,3000,92381.589511
-360,3000,92391.892604
-1732,3000,92401.526412
-4844,3000,92411.315354
-14712,3000,92421.141208
-10516,3000,92439.703589
-3728,3000,92450.223336
-13512,3000,92459.932657
-2624,3000,92469.708723
-7492,3000,92479.76219
-9248,3000,92489.639777
-10420,3000,92499.435012
-6752,3000,92509.147799
-10616,3000,92518.597114
-10560,3000,92528.372438
-5396,3000,92538.019158
-10768,3000,92547.596072
-12592,3000,92556.991556
-3668,3000,92566.629753
-7824,3000,92576.350823
-6812,3000,92586.012824
-5660,3000,92595.89858
-7588,3000,92605.844322
-7208,3000,92615.528794
-13496,3000,92625.795646
-12444,3000,92635.976867
-6460,3000,92645.824661
-7500,3000,92656.162591
-2220,3000,92666.404399
-7248,3000,92675.912947
-6664,3000,92685.697723
-7380,3000,92695.536734
-11392,3000,92705.669688
-4376,3000,92716.189909
-7004,3000,92725.329869
-10536,3000,92735.371758
-8536,3000,92745.588893
-10936,3000,92755.2842
-3388,3000,92765.567841
-3792,3000,92775.086123
-7444,3000,92785.542376
-7492,3000,92795.430923
-4660,3000,92805.211658
-5700,3000,92814.978452
-8476,3000,92824.686856
-8428,3000,92834.503474
-6532,3000,92844.800502
-2432,3000,92854.337152
-14580,3000,92864.317653
-8284,3000,92873.822505
-10700,3000,92883.541506
-540,3000,92893.430762
-9308,3000,92903.359015
-7348,3000,92913.231076
-8308,3000,92923.275184
-4488,3000,92933.00059
-6392,3000,92942.404699
-5536,3000,92952.334171
-8352,3000,92962.377815
-340,3000,92971.939324
-4532,3000,92981.722063
-10500,3000,92991.838969
-3540,3000,93001.546234
-1468,3000,93011.27457
-9736,3000,93020.886177
-9440,3000,93030.81375
-4456,3000,93040.834743
-7572,3000,93050.267451
-9884,3000,93059.835176
-4312,3000,93069.773444
-7684,3000,93079.747034
-9484,3000,93089.782642
-7408,3000,93107.564054
-10412,3000,93117.73598
-5416,3000,93127.820577
-2396,3000,93137.53853
-8428,3000,93147.363567
-556,3000,93157.403511
-15768,3000,93167.073515
-3656,3000,93177.050407
-12792,3000,93186.997327
-8568,3000,93197.211022
-9368,3000,93207.156651
-13516,3000,93216.765121
-3684,3000,93226.732433
-6684,3000,93236.993774
-9600,3000,93246.975684
-5556,3000,93257.460943
-7668,3000,93267.037626
-12396,3000,93276.94081
-14760,3000,93286.878969
-8736,3000,93296.634617
-4448,3000,93306.229992
-9512,3000,93316.197706
-4672,3000,93325.814774
-16548,3000,93335.620696
-5624,3000,93345.678479
-1532,3000,93355.965577
-14672,3000,93365.833006
-9340,3000,93375.672418
-5528,3000,93385.215416
-7652,3000,93395.410519
-9676,3000,93405.344749
-9696,3000,93414.686251
-9628,3000,93424.423753
-4684,3000,93434.508883
-8624,3000,93444.314969
-7244,3000,93454.408756
-8512,3000,93465.025409
-12440,3000,93474.768604
-7484,3000,93484.917657
-6440,3000,93495.10414
-14440,3000,93504.887723
-9592,3000,93514.934268
-10444,3000,93524.771012
-1612,3000,93534.211793
-13120,3000,93544.036604
-15860,3000,93553.733541
-13628,3000,93563.820882
-11436,3000,93573.790275
-3512,3000,93583.479761
-7640,3000,93592.904431
-11468,3000,93603.170921
-8564,3000,93613.174618
-8800,3000,93622.91893
-6584,3000,93632.736275
-9688,3000,93642.905287
-7340,3000,93652.959487
-10476,3000,93662.974493
-12680,3000,93672.812928
-6400,3000,93682.698584
-2604,3000,93692.336965
-1532,3000,93702.169606
-8600,3000,93712.096738
1468,3000,93722.264304
-10368,3000,93732.096502
-8648,3000,93741.947345
-9372,3000,93751.968993
-8784,3000,93770.073139
-12572,3000,93779.961461
-12572,3000,93789.505904
-10528,3000,93799.695125
-3432,3000,93809.217438
-12308,3000,93819.107182
-9372,3000,93828.890118
-3660,3000,93838.832047
-12228,3000,93848.836003
-5280,3000,93858.632006
-8452,3000,93868.320933
-8408,3000,93879.220043
-10656,3000,93889.14846
-5704,3000,93898.861817
-5808,3000,93908.709766
-9528,3000,93918.659509
-7472,3000,93928.713324
-12380,3000,93938.477797
-17924,3000,93948.652117
-4376,3000,93958.464252
-11688,3000,93968.711257
-7604,3000,93978.616947
-8404,3000,93988.645971
-10616,3000,93998.222673
-8408,3000,94007.753786
-7196,3000,94017.712741
-18936,3000,94027.775776
-7500,3000,94037.175055
-1540,3000,94047.155157
-5724,3000,94057.456337
-10320,3000,94067.751815
-11700,3000,94077.904249
-15388,3000,94087.889736
-14760,3000,94097.393351
-2404,3000,94107.435569
-12412,3000,94117.17
-8980,3000,94126.364297
-4692,3000,94136.299716
-3664,3000,94146.343533
-6604,3000,94156.352044
-4648,3000,94165.583226
-1640,3000,94175.534108
-6760,3000,94185.126003
-3484,3000,94195.330596
-8680,3000,94204.921045
-9648,3000,94214.810019
-13776,3000,94225.056513
-5328,3000,94235.007193
-9496,3000,94244.90322
-4256,3000,94254.55289
-12416,3000,94264.290951
-13652,3000,94273.903372
-8472,3000,94284.582168
-12600,3000,94294.329135
-1536,3000,94304.051536
-2404,3000,94313.989751
-7788,3000,94323.435848
-7396,3000,94333.014013
-16700,3000,94342.824688
-7512,3000,94352.972011
-12352,3000,94362.72066
-468,3000,94372.768557
-9288,3000,94382.346928
-10708,3000,94392.053927
-4288,3000,94401.263402
-8208,3000,94410.956567
-7608,3000,94420.721622
-9700,3000,94438.70737
-6252,3000,94448.790418
-5556,3000,94459.062964
-772,3000,94468.483108
-1832,3000,94477.953443
-12464,3000,94488.029514
-9844,3000,94497.439771
-5332,3000,94507.394343
-6636,3000,94516.831382
-6384,3000,94526.726529
-7612,3000,94536.728427
-5732,3000,94546.672201
-5520,3000,94556.840364
-7736,3000,94566.308711
-12592,3000,94575.999232
-6640,3000,94585.840206
-7856,3000,94595.723098
-8472,3000,94605.466198
-9552,3000,94614.999872
-11492,3000,94624.63173
-8492,3000,94634.75302
-7620,3000,94644.800837
-4472,3000,94653.992282
-6532,3000,94663.819334
-8756,3000,94673.710364
-17432,3000,94683.459642
-6612,3000,94693.254996
-7524,3000,94703.67152
-7832,3000,94713.253117
-3328,3000,94723.316818
-12740,3000,94732.857844
-9316,3000,94742.907402
-6288,3000,94753.040831
-13488,3000,94762.882301
-6068,3000,94772.464357
-7540,3000,94782.63593
-9480,3000,94792.506647
-11632,3000,94802.915843
2700,3000,94812.642676
-8504,3000,94822.807515
-5504,3000,94832.889892
-8784,3000,94842.639669
-11520,3000,94852.70409
-5368,3000,94862.46994
-7464,3000,94872.233649
-9552,3000,94882.246956
-14964,3000,94891.8676
-6552,3000,94901.713343
-10632,3000,94911.443865
-11460,3000,94921.624976
-5752,3000,94930.906369
-1272,3000,94940.979779
-1372,3000,94951.039614
-3556,3000,94960.916726
-472,3000,94970.502528
-7544,3000,94980.587219
-14516,3000,94990.546582
-7692,3000,95000.068731
-9644,3000,95009.756819
-10652,3000,95019.551909
-8524,3000,95029.700481
-4300,3000,95039.704428
-12596,3000,95049.756337
-4344,3000,95059.682593
-9564,3000,95069.816416
-13736,3000,95079.745561
-9708,3000,95089.443608
-10660,3000,95107.586883
-3484,3000,95117.649894
-6412,3000,95127.717186
-11548,3000,95137.611077
-9204,3000,95147.374363
-19436,3000,95157.189903
-10724,3000,95166.836131
-5544,3000,95176.642975
-5536,3000,95185.980404
-10328,3000,95195.800615
-13664,3000,95205.778736
-12716,3000,95215.892473
-9472,3000,95225.38051
756,3000,95234.978105
-4520,3000,95244.548705
-492,3000,95254.372308
-7572,3000,95263.891346
-7468,3000,95273.549207
-5640,3000,95283.548645
-19700,3000,95293.526806
-2592,3000,95303.527027
-4440,3000,95313.229435
-3488,3000,95323.033588
-10604,3000,95332.783827
-7328,3000,95342.371516
-1384,3000,95351.820529
-8344,3000,95361.753006
-3516,3000,95371.788221
-11604,3000,95381.934069
-1384,3000,95391.873742
-14572,3000,95401.88082
-5532,3000,95411.919523
-14616,3000,95421.682795
-4572,3000,95431.217912
-3704,3000,95441.109552
-4348,3000,95450.467037
-4732,3000,95460.139152
-10464,3000,95470.041515
-4480,3000,95480.207453
-2688,3000,95490.399997
-10368,3000,95500.367165
-5472,3000,95510.532899
-11688,3000,95520.763557
-22588,3000,95530.688034
-3476,3000,95540.467879
-6624,3000,95550.363864
-6500,3000,95559.888687
-7428,3000,95569.780466
380,3000,95579.319072
-12664,3000,95588.894653
-13140,3000,95598.253629
-9492,3000,95607.855804
-10524,3000,95617.188241
-9764,3000,95627.260006
-4600,3000,95636.695262
-2636,3000,95646.261543
-7516,3000,95656.429944
-1644,3000,95666.608129
-7648,3000,95676.240719
-8536,3000,95686.124879
-5192,3000,95695.983057
-2516,3000,95705.790863
-1536,3000,95715.960495
-5316,3000,95725.845165
-10740,3000,95735.553491
-6444,3000,95746.045785
-10856,3000,95763.999768
-3708,3000,95773.73947
-736,3000,95783.490711
-10556,3000,95793.334601
-16380,3000,95802.824289
-10504,3000,95812.92902
-2668,3000,95822.948864
-8616,3000,95832.521642
-8400,3000,95842.365052
-12584,3000,95852.314237
-11744,3000,95861.838949
-3508,3000,95872.06932
-10576,3000,95882.157804
-6644,3000,95892.028337
-6368,3000,95902.269924
-468,3000,95911.825567
-13604,3000,95921.624169
-15532,3000,95931.421882
-17472,3000,95941.715152
-1756,3000,95951.312345
-5360,3000,95961.052021
-6316,3000,95971.092862
-8372,3000,95981.191135
-10476,3000,95990.70694
-11832,3000,96000.648348
-4616,3000,96010.549813
-8476,3000,96020.789221
-9436,3000,96030.897155
-384,3000,96040.335788
-8648,3000,96050.036184
-11692,3000,96059.591153
-6488,3000,96069.659746
-10576,3000,96079.511621
-5516,3000,96090.112413
-8568,3000,96099.685066
-3312,3000,96109.8097
-10624,3000,96119.468897
-336,3000,96129.315683
-7776,3000,96138.667093
-2516,3000,96149.063093
-12864,3000,96158.842162
-3716,3000,96168.733811
-2532,3000,96178.550854
-10428,3000,96188.29029
-7532,3000,96198.800076
-5328,3000,96209.175956
-10684,3000,96219.110911
-11728,3000,96228.760963
-1592,3000,96238.603564
-10712,3000,96248.248351
-5512,3000,96258.070445
-7652,3000,96267.894896
-10248,3000,96278.030966
-7452,3000,96288.121584
-4500,3000,96297.760348
-6724,3000,96307.126545
-3612,3000,96316.915372
-12636,3000,96327.298305
-6420,3000,96337.324811
-6796,3000,96347.157929
-5548,3000,96357.418632
-10296,3000,96367.671343
-10428,3000,96377.652261
-8584,3000,96387.320611
-7532,3000,96397.152859
-2672,3000,96407.460456
-3560,3000,96417.343014
-10344,3000,96435.559759
-7448,3000,96445.428351
-4632,3000,96455.26283
-14608,3000,96465.284063
-12728,3000,96474.92983
-13020,3000,96484.248788
-2736,3000,96494.527224
-1676,3000,96504.680219
-3360,3000,96514.445775
-8612,3000,96523.804402
-16608,3000,96533.246545
-4672,3000,96543.31902
-11320,3000,96553.188057
-11236,3000,96563.099069
-7688,3000,96572.766579
-4484,3000,96582.644781
-7884,3000,96592.113018
-8476,3000,96601.860051
-4684,3000,96611.349734
-10152,3000,96621.435437
-15588,3000,96631.020424
-11376,3000,96641.016997
-5476,3000,96650.789197
-5716,3000,96660.731653
-9496,3000,96670.45988
-4560,3000,96680.466059
-11452,3000,96690.548919
-8584,3000,96699.928887
-5584,3000,96709.538074
-8848,3000,96719.639756
-6604,3000,96729.657154
-1432,3000,96739.377478
-6572,3000,96748.982242
-11328,3000,96759.066645
-14472,3000,96768.589518
-9372,3000,96778.544591
-5540,3000,96788.311353
-4736,3000,96798.347433
-9292,3000,96808.177128
-4772,3000,96817.91589
-2472,3000,96827.741379
-11524,3000,96837.600536
-7592,3000,96847.735598
-13524,3000,96857.775923
-15632,3000,96867.367461
-6872,3000,96877.252866
-11928,3000,96886.783504
-4676,3000,96896.753457
-12360,3000,96906.485953
-7648,3000,96916.382837
-6440,3000,96925.993617
-3496,3000,96935.581526
-12736,3000,96945.406454
-4596,3000,96955.080249
-7764,3000,96965.345398
-10824,3000,96975.215788
-7320,3000,96984.829281
-5516,3000,96994.794938
-6652,3000,97004.528967
-13568,3000,97014.389222
-2664,3000,97023.937964
-14488,3000,97033.797748
-14608,3000,97043.623204
-10572,3000,97053.640608
-2660,3000,97063.56322
-3524,3000,97073.299942
-6608,3000,97083.286874
-10676,3000,97101.747812
-6548,3000,97111.188511
-6568,3000,97120.867301
-7572,3000,97130.538505
-10512,3000,97140.50325
-12780,3000,97150.61809
-9204,3000,97160.628177
-10696,3000,97170.707535
-9444,3000,97180.777268
-7532,3000,97190.680783
-11488,3000,97200.33416
-8672,3000,97210.41727
3336,3000,97220.334665
-3400,3000,97230.575815
-10832,3000,97240.477788
-3764,3000,97250.342124
-5708,3000,97260.728824
-4548,3000,97270.577062
-16836,3000,97280.393712
-11388,3000,97290.150123
-8684,3000,97300.067585
-5656,3000,97310.697254
-2832,3000,97320.160448
-4836,3000,97329.823845
-12744,3000,97339.638904
-3400,3000,97350.09026
-13604,3000,97360.527911
-7460,3000,97370.677399
-10300,3000,97380.982815
-7616,3000,97391.077107
-3536,3000,97400.560524
-7596,3000,97410.585706
-8764,3000,97420.440155
-13516,3000,97430.529271
-4272,3000,97440.435534
-4472,3000,97450.483966
-4488,3000,97460.51766
-6440,3000,97470.149066
-4692,3000,97479.846037
-10532,3000,97489.943894
-7576,3000,97499.662766
-8676,3000,97509.610199
-6700,3000,97519.481381
-12604,3000,97528.981361
-2896,3000,97538.489631
-10720,3000,97548.284205
-5648,3000,97557.991083
-11472,3000,97567.52334
-8684,3000,97577.534436
-7684,3000,97587.365514
-14484,3000,97597.647774
-6868,3000,97607.770645
-9540,3000,97617.839358
-5676,3000,97627.582186
-5636,3000,97637.53778
-7472,3000,97647.634923
-11548,3000,97657.653
-10452,3000,97667.324464
-7496,3000,97677.155729
-4592,3000,97686.769643
-3648,3000,97696.819078
-9440,3000,97706.783615
-6652,3000,97716.541037
-4580,3000,97726.707322
-14420,3000,97736.22616
-5644,3000,97746.469
-3648,3000,97764.931505
-6440,3000,97774.981199
-8520,3000,97784.759624
-1588,3000,97794.693669
-1508,3000,97804.178453
-11888,3000,97814.649163
-1464,3000,97824.904234
-3740,3000,97834.409488
-14608,3000,97844.108871
-11824,3000,97854.07897
-4564,3000,97863.506214
-4732,3000,97873.127937
-7540,3000,97883.045332
-12408,3000,97893.148607
-7228,3000,97903.391304
-4184,3000,97913.222064
-8432,3000,97923.204692
-12768,3000,97932.86515
-12436,3000,97943.327349
-4688,3000,97953.298895
-6876,3000,97962.919436
-3476,3000,97972.44518
-3516,3000,97982.51901
-2364,3000,97992.137209
-9240,3000,98002.656388
-11460,3000,98012.70492
-15496,3000,98022.612061
-4608,3000,98032.990571
-9520,3000,98042.832534
-16312,3000,98052.214516
-3372,3000,98061.915622
-11964,3000,98071.403464
-8536,3000,98081.159496
-6312,3000,98090.969694
-12512,3000,98100.837745
-3952,3000,98110.448331
-10292,3000,98120.058864
-14744,3000,98129.954506
-8316,3000,98140.278731
-5572,3000,98149.872055
-10916,3000,98159.28402
-7548,3000,98169.22694
-4664,3000,98179.55564
-12464,3000,98189.519207
-10580,3000,98199.372202
-5396,3000,98209.322739
-8768,3000,98218.970503
-13732,3000,98228.423649
-10584,3000,98238.297952
-3684,3000,98248.115221
-5644,3000,98257.83988
-6660,3000,98267.478734
-6532,3000,98276.677221
-12596,3000,98286.789293
-5764,3000,98296.544328
-13836,3000,98306.348207
-10504,3000,98316.457021
-10236,3000,98326.523269
-6696,3000,98336.474677
-4792,3000,98345.955777
-16700,3000,98355.434695
-8404,3000,98365.400695
-4456,3000,98374.971164
-5680,3000,98384.60174
-12644,3000,98393.783918
-12644,3000,98403.058531
-800,3000,98412.572024
520,3000,98430.35676
-16644,3000,98439.959882
-4596,3000,98449.725342
-13636,3000,98459.543252
-10760,3000,98468.974669
-8644,3000,98478.711036
-6568,3000,98488.116116
-6684,3000,98497.938803
-8764,3000,98508.005602
-11676,3000,98517.767231
-5728,3000,98527.548425
-11828,3000,98536.636337
-9576,3000,98546.296776
-9708,3000,98556.100175
-5576,3000,98565.964506
-8428,3000,98575.83979
-9692,3000,98585.55186
-11696,3000,98595.436491
-14800,3000,98605.233921
-13560,3000,98615.385551
-5660,3000,98625.335593
-11644,3000,98635.112963
-2544,3000,98644.274727
-18608,3000,98654.187677
-9444,3000,98664.067644
-9524,3000,98674.110344
-6572,3000,98683.565237
-10448,3000,98693.57109
-1612,3000,98703.283013
-13600,3000,98713.002155
1532,3000,98722.51649
-10740,3000,98732.040093
-15560,3000,98742.198085
-7412,3000,98752.451409
-8744,3000,98761.9307
-15804,3000,98771.89596
-13572,3000,98781.952476
-13448,3000,98791.572766
-4556,3000,98801.307884
-14556,3000,98811.487927
-6344,3000,98821.739058
-476,3000,98831.589837
-10564,3000,98841.135689
-14396,3000,98850.893044
-11272,3000,98860.696938
-6532,3000,98870.263216
-4496,3000,98880.020829
-11484,3000,98890.080488
-10324,3000,98900.446105
-12724,3000,98910.40426
-10496,3000,98920.587162
-11648,3000,98930.287272
-9696,3000,98939.624472
-9628,3000,98949.380239
-13596,3000,98959.234808
-7704,3000,98969.065112
-9840,3000,98979.136262
-11580,3000,98989.437285
-13776,3000,98999.271076
-1412,3000,99009.175935
-15736,3000,99018.816299
-12584,3000,99028.495651
-6988,3000,99038.362868
-8636,3000,99048.282281
-4356,3000,99057.991286
-14464,3000,99067.922326
-11572,3000,99077.953233
-5876,3000,99096.454
-15836,3000,99105.897633
-12564,3000,99115.696327
-6520,3000,99125.493448
-7428,3000,99135.280468
-6760,3000,99145.204837
-10528,3000,99155.18476
-9592,3000,99165.1286
-6548,3000,99175.199228
-13616,3000,99185.126894
-4876,3000,99194.949381
-9672,3000,99204.92129
-3648,3000,99214.378012
-2616,3000,99223.950794
-3452,3000,99233.761924
-11436,3000,99243.914645
-9536,3000,99254.24364
-5648,3000,99263.732525
-6368,3000,99273.52408
-6812,3000,99283.187336
-2752,3000,99292.791723
-2472,3000,99302.557425
-8672,3000,99312.245857
-9404,3000,99322.749378
-12380,3000,99333.089335
-1828,3000,99342.754779
-8452,3000,99352.616299
-3620,3000,99362.106112
-7680,3000,99371.84031
-3616,3000,99381.830612
-15448,3000,99391.520471
-7624,3000,99401.436873
-7504,3000,99411.340474
-4548,3000,99421.222051
-12532,3000,99431.317769
-11712,3000,99440.593066
-7868,3000,99450.269558
-15688,3000,99460.136049
-11700,3000,99469.987378
-5440,3000,99479.432519
-4620,3000,99489.224888
-3412,3000,99499.040298
-11216,3000,99509.203703
-5548,3000,99518.575427
-9708,3000,99528.456472
-7492,3000,99538.425054
-12460,3000,99547.885814
-6528,3000,99557.726294
-7640,3000,99567.389458
-12536,3000,99576.766467
-9444,3000,99586.302163
-6812,3000,99595.558017
-8476,3000,99605.730514
-17552,3000,99615.289019
-4432,3000,99624.963303
-7788,3000,99634.530512
-10200,3000,99644.655538
-6684,3000,99654.729287
-7652,3000,99664.605134
-21552,3000,99674.720947
-11524,3000,99684.807489
-488,3000,99694.585559
-12348,3000,99704.780507
-11676,3000,99714.731755
-12320,3000,99724.179895
-5408,3000,99733.848721
-8396,3000,99752.19887
-9420,3000,99762.414173
-7440,3000,99772.081592
-7600,3000,99781.92547
-6396,3000,99791.660547
-10584,3000,99801.503228
-5344,3000,99811.351991
-6768,3000,99820.831299
-10756,3000,99830.342182
-6328,3000,99840.142535
-6356,3000,99850.023803
-9492,3000,99859.331388
-4600,3000,99868.962297
-6748,3000,99878.84025
-2352,3000,99888.131352
-11520,3000,99897.884688
-652,3000,99907.337291
-10792,3000,99917.214698
-16588,3000,99926.962598
-12396,3000,99937.073267
-3384,3000,99946.964683
-8720,3000,99956.595661
-8344,3000,99966.440644
-13480,3000,99976.141888
-3416,3000,99986.361938
-7316,3000,99996.133256
-5668,3000,100005.727524
-8228,3000,100015.441365
-5588,3000,100025.585731
-8840,3000,100035.610223
-12524,3000,100045.477802
-6528,3000,100055.226797
-10620,3000,100065.059662
-9564,3000,100075.649338
-5472,3000,100086.186507
-9624,3000,100096.025996
-8440,3000,100106.223246
-4484,3000,100116.214738
-10556,3000,100126.300716
-8640,3000,100135.714264
-14544,3000,100145.706041
-12844,3000,100155.605131
-12560,3000,100165.443848
-3688,3000,100175.583488
-9744,3000,100185.471795
-7160,3000,100195.027246
-8772,3000,100204.697457
-12764,3000,100214.994272
-9720,3000,100224.808255
-9616,3000,100234.320462
404,3000,100243.648038
-8444,3000,100254.134207
-7516,3000,100264.220242
-8724,3000,100274.007453
-3420,3000,100283.922314
-3480,3000,100294.024518
-10456,3000,100303.227049
-5592,3000,100312.871567
-6384,3000,100322.807849
-4536,3000,100332.823164
-9404,3000,100342.394711
-552,3000,100352.370878
-11440,3000,100361.914162
-3356,3000,100372.067288
-5496,3000,100382.25707
-14632,3000,100391.781452
-6684,3000,100401.371197
-2644,3000,100419.617618
-4544,3000,100429.472149
-10476,3000,100439.614087
-14400,3000,100449.922922
-6168,3000,100459.942917
-9208,3000,100469.519453
-1700,3000,100479.750793
-6524,3000,100489.580696
-9676,3000,100499.07426
-11448,3000,100509.182487
-6156,3000,100519.17624
-13580,3000,100529.018387
-9668,3000,100538.641147
-6476,3000,100549.084121
-4520,3000,100559.195539
-15664,3000,100569.089723
-9484,3000,100578.834738
-13532,3000,100588.381617
-8980,3000,100598.252907
-11724,3000,100607.794116
-5860,3000,100617.779501
-9624,3000,100627.653363
-3524,3000,100637.599694
-15652,3000,100647.435265
-6732,3000,100657.523548
-6832,3000,100667.125478
-7720,3000,100676.946862
-10488,3000,100687.427344
-8480,3000,100697.081308
-1368,3000,100706.934241
-8608,3000,100717.189909
-12476,3000,100726.973671
-9812,3000,100736.328889
-3516,3000,100745.923892
-13564,3000,100755.874132
-7608,3000,100765.504164
-3576,3000,100774.911337
-12356,3000,100785.101784
-6928,3000,100794.960957
-5288,3000,100805.013738
-8716,3000,100814.795102
-10336,3000,100824.635905
-8364,3000,100834.645544
-14768,3000,100844.380839
-6420,3000,100854.443402
-15636,3000,100864.08721
-10800,3000,100874.0142
-5412,3000,100883.965604
-10620,3000,100894.022198
-9464,3000,100903.922629
-8552,3000,100913.634536
-6504,3000,100923.236743
-16760,3000,100933.29102
-14856,3000,100943.226976
-3592,3000,100953.470053
-9416,3000,100963.344648
-5568,3000,100972.762867
-6436,3000,100983.365865
-14324,3000,100993.703881
-11648,3000,101003.549541
-3548,3000,101013.570123
-5496,3000,101023.366384
-6676,3000,101033.473113
-8836,3000,101043.322831
-12016,3000,101053.029997
-4648,3000,101062.350682
-10352,3000,101072.042382
-748,3000,101090.555761
-13584,3000,101100.677826
-9408,3000,101110.72615
-15584,3000,101120.609883
-11224,3000,101130.844353
-4580,3000,101140.51027
-8856,3000,101150.276992
-10436,3000,101160.952649
-14808,3000,101170.771732
-11336,3000,101180.43173
-6824,3000,101190.335416
-8956,3000,101199.585505
-2596,3000,101209.463739
-6060,3000,101219.55707
-3432,3000,101229.57595
-620,3000,101239.349717
-12388,3000,101249.510298
-11860,3000,101259.120127
-8484,3000,101269.621314
-5408,3000,101279.339937
-8592,3000,101289.512466
-13784,3000,101299.511273
-2732,3000,101309.614289
-12848,3000,101319.305746
-10448,3000,101329.135762
-5604,3000,101339.029767
-8572,3000,101348.648908
-18784,3000,101358.637139
-18756,3000,101368.472538
-10752,3000,101378.187445
-6428,3000,101388.102696
-444,3000,101397.968189
-4596,3000,101407.743742
-12568,3000,101417.654893
-8264,3000,101428.1389
-2516,3000,101438.338899
-5428,3000,101447.900702
-13436,3000,101457.88855
-9344,3000,101467.963796
-10580,3000,101478.042522
-2836,3000,101487.930494
-8708,3000,101497.682681
-11196,3000,101507.396991
-4680,3000,101517.491467
-3552,3000,101526.88903
-7336,3000,101536.608044
-11560,3000,101546.723316
-9584,3000,101556.476156
-1708,3000,101565.556889
-5368,3000,101575.6151
-9528,3000,101585.587981
-12268,3000,101595.379894
-13672,3000,101605.456801
-6724,3000,101615.343105
-8668,3000,101625.022751
-12512,3000,101635.159828
-11308,3000,101645.076804
-5660,3000,101655.041154
-10608,3000,101665.449115
-6420,3000,101675.312853
-13444,3000,101685.025496
-6564,3000,101695.771314
-5404,3000,101706.003549
-2456,3000,101715.993168
-10500,3000,101725.883659
-5584,3000,101735.706055
-9608,3000,101753.615175
-2504,3000,101763.623272
-5500,3000,101773.440268
-10888,3000,101783.208838
-6356,3000,101793.011027
380,3000,101802.726033
-8620,3000,101812.456557
-7652,3000,101821.90223
-6528,3000,101831.438844
-8280,3000,101841.035743
-6744,3000,101850.814769
-10648,3000,101860.771406
-11596,3000,101870.865391
-4144,3000,101880.568132
-13572,3000,101890.439809
-3424,3000,101899.905938
-5464,3000,101909.510036
-6912,3000,101919.417066
-8800,3000,101929.485593
-9532,3000,101939.021636
-6528,3000,101948.746782
-7428,3000,101958.430257
-7384,3000,101968.456002
-5772,3000,101977.536592
-8696,3000,101987.31433
-7448,3000,101997.066531
-6532,3000,102006.840273
1508,3000,102016.424456
-15384,3000,102026.403108
-9688,3000,102036.410064
-8456,3000,102046.24471
-9588,3000,102056.299618
-10916,3000,102066.099303
1492,3000,102075.45359
-5512,3000,102085.318542
-10580,3000,102095.437963
-5612,3000,102105.341738
-10352,3000,102114.925744
-14420,3000,102125.514311
-14488,3000,102135.577871
-14536,3000,102145.638067
-9020,3000,102155.799143
-9996,3000,102165.173295
-6744,3000,102175.055935
-7496,3000,102184.60376
-11280,3000,102194.165488
-5568,3000,102204.124457
-7628,3000,102213.731768
-3556,3000,102223.598593
-5532,3000,102233.39649
-8396,3000,102243.331356
-6312,3000,102252.901693
-10220,3000,102262.638394
-5264,3000,102272.355166
-4412,3000,102282.389564
-2352,3000,102292.481924
-4416,3000,102302.496469
-15564,3000,102312.654535
-4712,3000,102322.3128
-8796,3000,102332.222827
-12880,3000,102341.709928
-8796,3000,102351.407563
-4704,3000,102361.108137
-9468,3000,102371.338308
-12760,3000,102381.152126
-4544,3000,102391.316067
-9688,3000,102401.000834
-8756,3000,102418.798232
-6660,3000,102428.775364
-9548,3000,102438.817353
-5448,3000,102448.276249
-8544,3000,102458.43833
-13588,3000,102468.707839
-3660,3000,102478.139868
-7540,3000,102488.350054
-13616,3000,102498.084249
-11920,3000,102507.752848
-5508,3000,102517.679747
-2488,3000,102527.277894
-6784,3000,102537.544938
-7448,3000,102547.873484
-14388,3000,102558.189883
-10356,3000,102568.053797
-7204,3000,102578.414262
-8556,3000,102588.642883
-9452,3000,102598.8305
-6708,3000,102608.620145
-1544,3000,102618.474947
-5824,3000,102628.052002
-10468,3000,102638.165852
-2880,3000,102648.160463
-5656,3000,102658.178654
-12632,3000,102667.847624
-3884,3000,102678.029821
480,3000,102687.728038
-9652,3000,102697.35084
-7220,3000,102707.499403
-7820,3000,102717.116754
-9500,3000,102726.846231
-2648,3000,102737.097606
-4560,3000,102746.941098
-9600,3000,102756.894535
-12552,3000,102766.74549
-8696,3000,102776.511315
-9676,3000,102786.489062
-11692,3000,102796.284063
-7584,3000,102806.179252
-7624,3000,102815.890521
-10628,3000,102825.656135
-18572,3000,102835.336562
-2752,3000,102845.094631
-8516,3000,102855.231687
-9176,3000,102865.281237
-4496,3000,102875.104299
-11456,3000,102884.970614
-7696,3000,102894.82847
-9572,3000,102904.624299
-4676,3000,102914.836841
-17672,3000,102924.995497
-14764,3000,102934.706894
-6584,3000,102944.445866
-8352,3000,102954.089279
-3876,3000,102963.786255
-9460,3000,102973.580678
-7496,3000,102983.34244
-3508,3000,102993.06538
-5940,3000,103002.731931
-10728,3000,103012.516446
-1460,3000,103022.255373
-8568,3000,103032.041412
-7968,3000,103041.914158
-7668,3000,103051.557995
-2676,3000,103062.010251
2104,3000,103071.725521
-12576,3000,103090.180059
-9684,3000,103100.333877
-2692,3000,103110.553703
-9804,3000,103120.215213
-10200,3000,103130.208655
-4460,3000,103140.333868
-8460,3000,103150.34961
-4952,3000,103160.428074
536,3000,103170.447273
-5776,3000,103180.610681
-10624,3000,103190.01404
-7736,3000,103199.639134
-13660,3000,103209.578474
-7736,3000,103219.414451
-10248,3000,103229.364486
-5624,3000,103239.361432
-8512,3000,103249.472199
-15620,3000,103259.862979
-12952,3000,103269.67146
-5468,3000,103279.159626
-9648,3000,103289.220202
-7444,3000,103298.761752
-2712,3000,103308.87186
-12444,3000,103318.464618
-8468,3000,103328.913381
-5748,3000,103338.732281
-10628,3000,103348.330816
-5392,3000,103358.40099
-6456,3000,103367.759448
-15520,3000,103378.043275
-7108,3000,103388.253813
-2632,3000,103398.091651
-17628,3000,103408.165144
-5592,3000,103418.122392
-9388,3000,103428.027696
-6488,3000,103437.952293
-9532,3000,103447.743962
-16744,3000,103457.880075
-11384,3000,103467.511249
-8676,3000,103477.233586
-10708,3000,103487.460367
-7388,3000,103497.392455
-9500,3000,103507.295621
-7628,3000,103517.199519
-9664,3000,103526.810479
-4768,3000,103536.758745
-4372,3000,103546.921209
-9600,3000,103556.533706
-10356,3000,103566.503334
-344,3000,103576.462139
-3612,3000,103586.150564
-5604,3000,103596.292011
-8560,3000,103606.11179
-10524,3000,103616.118222
-10452,3000,103626.127851
-9664,3000,103635.776494
-520,3000,103645.842905
-4560,3000,103656.030749
-17668,3000,103666.272855
-9784,3000,103676.296034
-11600,3000,103686.324925
-8512,3000,103695.725479
-14784,3000,103705.465296
-7800,3000,103714.954974
-8876,3000,103724.597116
-7676,3000,103734.682094
-12560,3000,103752.845736
-11764,3000,103763.026661
-15632,3000,103772.577119
-5704,3000,103782.666489
-8576,3000,103792.806372
-12100,3000,103802.863006
-2636,3000,103812.40313
-11492,3000,103822.272759
-12884,3000,103832.174835
-5412,3000,103842.551099
-8384,3000,103852.617067
-10716,3000,103862.463897
-8436,3000,103872.421746
-2712,3000,103882.371967
-2712,3000,103892.686109
-6432,3000,103903.071254
-3772,3000,103912.751572
-11524,3000,103922.722271
-9640,3000,103932.736424
-10604,3000,103942.668239
-6472,3000,103952.850836
-8748,3000,103962.61067
-9400,3000,103972.63744
-13516,3000,103982.44656
-10456,3000,103992.502141
-4684,3000,104002.562942
-15680,3000,104012.210008
-3476,3000,104021.898165
-6664,3000,104031.223237
-3392,3000,104041.173789
-1380,3000,104051.295321
-10308,3000,104060.846153
-10652,3000,104070.754648
-2396,3000,104080.705236
-8576,3000,104090.51839
-14312,3000,104100.890178
-9592,3000,104110.931678
-5476,3000,104120.513204
-9704,3000,104130.659973
-12680,3000,104140.283764
-7432,3000,104150.31314
-4488,3000,104160.070693
-700,3000,104169.744498
-16644,3000,104179.579577
-11580,3000,104189.819701
-5676,3000,104200.517336
-3628,3000,104210.249236
-14484,3000,104219.772377
-11292,3000,104229.691195
-2216,3000,104239.411891
-4564,3000,104249.153942
-8876,3000,104258.929624
-11724,3000,104268.4131
-5672,3000,104277.839419
-5712,3000,104287.443847
-17548,3000,104298.225249
-10612,3000,104308.556219
-12376,3000,104318.910913
-12744,3000,104328.76495
-3636,3000,104338.314483
-6640,3000,104348.3218
-12688,3000,104358.630157
-10556,3000,104368.113432
-12264,3000,104377.916558
-9656,3000,104387.427662
-11712,3000,104397.653203
-12676,3000,104407.31459
-9660,3000,104426.156253
-12468,3000,104436.6253
-16772,3000,104447.332663
-10332,3000,104457.629963
-2388,3000,104467.505212
-8640,3000,104478.090796
-8568,3000,104487.950492
-10492,3000,104497.512874
-6448,3000,104506.932677
-9764,3000,104517.064496
-9824,3000,104526.525028
-12364,3000,104537.317725
-12744,3000,104547.227236
-15304,3000,104556.913678
-5852,3000,104566.032748
-4636,3000,104575.84586
-1612,3000,104585.982259
-12452,3000,104595.907249
-15472,3000,104605.425886
-9984,3000,104614.794441
-3660,3000,104624.509806
-20872,3000,104633.995164
-6760,3000,104643.5113
-10560,3000,104653.423713
-16548,3000,104663.800135
-9604,3000,104673.816975
-7708,3000,104683.822184
-20716,3000,104693.92325
-768,3000,104703.70772
-11576,3000,104713.387406
-9540,3000,104723.356676
-11660,3000,104733.284797
-10284,3000,104743.639965
-10632,3000,104753.565096
-6576,3000,104763.542642
-1544,3000,104773.117557
-3392,3000,104783.748196
-12460,3000,104793.613087
-11716,3000,104803.814673
-452,3000,104813.941415
-13720,3000,104823.959352
-8764,3000,104833.768279
-4468,3000,104843.978317
-5832,3000,104853.663598
-6608,3000,104863.67497
-4552,3000,104873.669138
-5464,3000,104883.146951
-8584,3000,104893.027711
-10608,3000,104902.893679
-8700,3000,104913.018153
-4836,3000,104922.900926
-10668,3000,104932.511779
-10592,3000,104942.71704
-1720,3000,104952.282632
-9696,3000,104962.095319
-7892,3000,104971.801066
-10200,3000,104981.295226
-8372,3000,104991.47871
-10524,3000,105001.410107
-2500,3000,105010.783127
-7604,3000,105020.576266
-4692,3000,105030.145627
-5368,3000,105040.473116
-10704,3000,105050.207007
-7600,3000,105059.93212
-14856,3000,105069.721634
-10412,3000,105079.325388
2616,3000,105097.58068
-7288,3000,105107.656857
-6708,3000,105117.765531
-18672,3000,105127.917382
-9636,3000,105137.964306
-7452,3000,105147.897817
-6564,3000,105157.754864
-9508,3000,105167.686376
-6704,3000,105177.434001
-15372,3000,105187.397082
-728,3000,105197.419349
-8528,3000,105207.313276
-5596,3000,105217.273908
-1592,3000,105226.854533
-9764,3000,105236.39123
-4396,3000,105246.070669
-5408,3000,105255.431053
-7696,3000,105265.362957
-10592,3000,105275.651217
-8752,3000,105285.234851
-3556,3000,105295.118527
-11400,3000,105305.150631
-9240,3000,105315.132538
-9604,3000,105325.047739
-9124,3000,105334.681223
-496,3000,105344.679629
-8696,3000,105354.756252
-2644,3000,105364.476939
-13556,3000,105374.39543
-4560,3000,105384.157479
-8364,3000,105393.979521
-8348,3000,105403.75971
-11632,3000,105413.639873
-5380,3000,105423.881363
-7624,3000,105433.838819
-8452,3000,105443.778201
-17608,3000,105453.493406
-6724,3000,105463.479144
-9664,3000,105473.324112
-3440,3000,105483.142733
-14528,3000,105493.586666
-6420,3000,105503.605185
-8612,3000,105513.196367
-3552,3000,105523.084361
-4664,3000,105532.775469
-6668,3000,105542.662015
-3464,3000,105552.598801
-11676,3000,105562.357166
-9476,3000,105571.862982
-6492,3000,105581.765796
-12572,3000,105591.356993
-5644,3000,105601.423137
-6660,3000,105611.304263
-8748,3000,105621.434972
-7576,3000,105631.637145
-5400,3000,105641.209935
-8672,3000,105650.916276
-9800,3000,105660.562981
-11144,3000,105670.80359
-5744,3000,105681.01278
-5560,3000,105691.04285
-3416,3000,105701.023902
-4604,3000,105710.967848
-7256,3000,105720.992193
-10600,3000,105730.628456
-7572,3000,105740.884032
-8108,3000,105759.603089
-12496,3000,105769.714533
-8572,3000,105779.868617
-9376,3000,105790.130307
-9356,3000,105800.474617
-19852,3000,105810.453448
-1680,3000,105820.535103
-11360,3000,105830.376267
-3700,3000,105839.890655
-1480,3000,105849.998915
-9472,3000,105860.798942
-13864,3000,105870.78865
-15540,3000,105880.795876
-10700,3000,105890.731655
-13652,3000,105900.488101
-12524,3000,105910.919516
-7544,3000,105920.995615
-4604,3000,105930.900053
-12784,3000,105940.748277
-8560,3000,105950.605888
-9408,3000,105960.24522
-2668,3000,105970.145276
-6592,3000,105980.091088
-3424,3000,105989.597179
-10372,3000,105999.382533
-5712,3000,106008.827101
-14556,3000,106018.810134
-3284,3000,106028.347719
-12808,3000,106037.758743
396,3000,106047.187681
-2656,3000,106056.375856
-11788,3000,106066.591952
-5604,3000,106076.079216
-10960,3000,106086.095509
-4328,3000,106095.97076
-3972,3000,106105.533264
-8196,3000,106115.214749
-7872,3000,106124.898995
-9660,3000,106134.517213
-4880,3000,106144.048458
-8636,3000,106153.488669
-10936,3000,106163.475923
-6488,3000,106173.43713
-12764,3000,106182.915392
-1808,3000,106192.097715
-6836,3000,106201.840016
-7664,3000,106211.87675
-17540,3000,106221.763226
-11344,3000,106231.493417
-10436,3000,106241.530696
-4520,3000,106250.948467
-8872,3000,106260.726346
-2412,3000,106270.344664
-5788,3000,106280.084373
-8932,3000,106290.096555
-8340,3000,106300.208828
-11664,3000,106310.459439
-9648,3000,106320.169189
-3700,3000,106329.748934
-2808,3000,106339.58985
-16556,3000,106349.674264
-13668,3000,106359.896635
-2620,3000,106369.571203
-5508,3000,106379.658895
-9604,3000,106389.389566
-7756,3000,106399.522352
-4812,3000,106409.184827
-5516,3000,106427.593506
-1496,3000,106437.104748
-9644,3000,106446.87495
476,3000,106456.479486
-7904,3000,106465.966464
-8536,3000,106476.079455
-8712,3000,106485.812441
-8752,3000,106495.816786
-8396,3000,106506.134799
-6828,3000,106516.023352
-9720,3000,106525.936577
-12656,3000,106536.469391
-10748,3000,106546.408715
-6568,3000,106556.502541
-11484,3000,106566.226894
-11312,3000,106576.248488
-11504,3000,106586.580049
-7604,3000,106596.363546
-8696,3000,106606.426005
-7696,3000,106616.242035
-4856,3000,106626.162111
-15580,3000,106636.381839
-8036,3000,106645.957435
-18728,3000,106655.581624
-10576,3000,106665.648955
-6212,3000,106675.754971
-7512,3000,106685.974357
-11388,3000,106695.722968
-1624,3000,106705.528897
-16764,3000,106715.246067
-8808,3000,106724.897698
-5520,3000,106735.069795
-7308,3000,106744.649552
-436,3000,106754.564093
-8600,3000,106764.601001
-7464,3000,106774.24285
-6652,3000,106784.131176
-3228,3000,106794.131851
-6756,3000,106803.911157
-6424,3000,106813.517483
-7580,3000,106823.367561
-8604,3000,106833.465798
-16552,3000,106843.822097
-11636,3000,106853.724268
-5664,3000,106863.507547
-2936,3000,106873.042108
-5760,3000,106882.591234
-8676,3000,106892.068257
-11480,3000,106901.5796
-3676,3000,106911.382261
-6360,3000,106921.148919
-4820,3000,106930.721716
-7484,3000,106940.876312
-4564,3000,106950.898774
-13460,3000,106961.174369
-8536,3000,106970.94653
-7604,3000,106980.487577
-16764,3000,106990.27828
-12440,3000,107000.141214
-10480,3000,107009.887932
-9644,3000,107019.401285
-9724,3000,107029.280152
-3336,3000,107038.981904
-13436,3000,107049.461688
-2752,3000,107058.940625
-5528,3000,107068.584725
-7652,3000,107078.634926
-16860,3000,107097.094219
-5580,3000,107106.53397
-7748,3000,107116.378012
-4448,3000,107125.929949
-3612,3000,107136.347326
-9636,3000,107146.021151
3188,3000,107155.920889
-12600,3000,107166.420816
-4436,3000,107176.723749
-7508,3000,107186.372879
-4564,3000,107196.036364
-11792,3000,107205.604471
-11320,3000,107215.644211
-9648,3000,107225.460893
-11840,3000,107234.951436
-10276,3000,107244.876493
-5784,3000,107254.907888
-7420,3000,107264.73158
-8712,3000,107275.258599
-12712,3000,107285.559708
-6548,3000,107295.473247
-7300,3000,107305.420928
-7480,3000,107315.61432
-4512,3000,107325.627219
-7476,3000,107335.507838
-8520,3000,107345.148479
-8560,3000,107355.135586
-11464,3000,107364.817266
-2752,3000,107374.744232
-12684,3000,107385.090466
-6724,3000,107394.990004
-13504,3000,107404.605665
-7476,3000,107414.493825
-2408,3000,107424.530338
-7436,3000,107434.537402
-5512,3000,107444.645932
-9500,3000,107454.18388
-15776,3000,107463.999808
-14496,3000,107473.84935
-8892,3000,107483.045907
-19584,3000,107492.992657
-5720,3000,107502.586482
-624,3000,107512.638951
-456,3000,107522.638647
-9500,3000,107532.826546
-3540,3000,107542.841057
-10964,3000,107552.82638
-13172,3000,107562.23989
-7624,3000,107571.87175
-10824,3000,107581.862826
-11548,3000,107591.549482
-6780,3000,107600.927979
-5488,3000,107610.57495
-7488,3000,107620.423848
-752,3000,107630.3053
-11696,3000,107640.148412
-6528,3000,107650.173979
-1732,3000,107660.156999
-14552,3000,107669.985531
-3432,3000,107679.600962
-6628,3000,107689.242758
-14552,3000,107699.650193
-9876,3000,107709.499826
-8396,3000,107719.28825
-12456,3000,107729.053837
-6744,3000,107739.07326
-3536,3000,107757.215536
-1716,3000,107766.915705
-9512,3000,107776.718453
-8592,3000,107786.575213
-10752,3000,107796.611461
-10440,3000,107806.128847
-13564,3000,107816.455485
-8696,3000,107826.855717
-7620,3000,107836.581637
-10332,3000,107846.087626
-6408,3000,107855.855472
-8588,3000,107865.699534
-4812,3000,107876.03188
-7444,3000,107886.083077
-8752,3000,107895.920665
-6852,3000,107905.279139
-11408,3000,107915.280126
-1568,3000,107924.60038
-4552,3000,107935.154541
-10712,3000,107945.066416
-4700,3000,107955.036104
-10448,3000,107965.018787
-4580,3000,107974.591636
-8636,3000,107984.480529
-6484,3000,107994.102304
-9584,3000,108003.704979
-7636,3000,108013.716756
-9272,3000,108023.51052
-5504,3000,108033.643535
-14372,3000,108043.176348
-16628,3000,108052.868266
-2664,3000,108062.457986
-1708,3000,108072.191464
-2588,3000,108081.939218
-10580,3000,108091.910186
-12060,3000,108101.78857
-4792,3000,108111.411434
-6536,3000,108121.320378
-11656,3000,108130.818473
-6192,3000,108140.796746
-11736,3000,108150.444959
-14380,3000,108159.957993
-16324,3000,108169.930757
-3844,3000,108179.424843
-11420,3000,108189.742805
-10476,3000,108199.47533
-9572,3000,108209.670796
-8808,3000,108219.764814
-5736,3000,108229.149025
-6596,3000,108239.386843
-9456,3000,108249.247183
-11756,3000,108259.426623
-448,3000,108269.568792
-9228,3000,108279.611746
-8536,3000,108289.577288
-5784,3000,108299.189902
-7628,3000,108309.201945
-2664,3000,108319.315338
-4504,3000,108328.946613
-11416,3000,108339.427612
-9392,3000,108349.437208
-5716,3000,108359.121701
120,3000,108368.855484
-8612,3000,108379.038147
-3844,3000,108389.362025
-5716,3000,108399.154105
-6840,3000,108408.833475
348,3000,108426.960492
-10360,3000,108436.459516
2428,3000,108446.609041
-13796,3000,108456.419421
-12516,3000,108466.409027
-12340,3000,108475.874461
-1592,3000,108486.23521
-13592,3000,108495.872372
-4608,3000,108505.370096
-8364,3000,108515.203636
-11696,3000,108524.787171
-14552,3000,108534.729577
-4728,3000,108544.923648
-7588,3000,108554.800083
-8568,3000,108564.528601
-12404,3000,108574.196893
-7348,3000,108584.051769
-6524,3000,108593.611337
-3484,3000,108603.488835
-5820,3000,108613.285369
-7608,3000,108623.128726
-10496,3000,108633.090954
-6156,3000,108643.02896
-4400,3000,108652.806361
-11568,3000,108662.635239
-10900,3000,108672.575372
-4292,3000,108682.332267
-4472,3000,108692.29223
-10656,3000,108702.082788
-5732,3000,108712.004599
-7388,3000,108721.439714
-10788,3000,108731.588785
-716,3000,108741.438782
-9768,3000,108751.266392
-5328,3000,108761.067665
-11732,3000,108770.843032
-3720,3000,108780.334873
-15460,3000,108789.959027
-4676,3000,108799.546128
-7684,3000,108809.474258
-8600,3000,108819.409941
-14052,3000,108828.843309
-8716,3000,108838.375996
-5672,3000,108848.00937
-5440,3000,108857.947098
-3576,3000,108867.73018
-6544,3000,108877.687594
-10400,3000,108887.416414
-9708,3000,108897.272874
-12424,3000,108907.692146
-9328,3000,108917.554028
-6648,3000,108927.23659
-748,3000,108937.091845
-4640,3000,108947.033068
-13576,3000,108957.2842
-5584,3000,108967.592374
-9744,3000,108977.412805
-7800,3000,108987.785782
-780,3000,108997.373422
-6768,3000,109007.396703
-8736,3000,109017.156668
-11544,3000,109027.225729
-6696,3000,109036.680814
-18556,3000,109046.71768
-3704,3000,109056.612675
-8964,3000,109066.436495
-4436,3000,109076.783183
-4384,3000,109094.823906
-4588,3000,109104.354801
-11576,3000,109114.216096
-7324,3000,109124.062026
-9484,3000,109134.071558
-4328,3000,109144.144193
-12000,3000,109154.026038
-3336,3000,109163.683303
-11420,3000,109173.796391
-16476,3000,109184.008483
-17572,3000,109193.913155
-7412,3000,109203.844368
-12284,3000,109213.746293
-11668,3000,109224.146774
-12620,3000,109233.980092
-4368,3000,109243.90197
-23880,3000,109253.666179
-1548,3000,109263.493128
-9736,3000,109273.009311
-9484,3000,109282.921336
-7276,3000,109292.347899
-14640,3000,109302.003767
-9672,3000,109311.78978
-1740,3000,109321.358715
-13824,3000,109331.118336
-14428,3000,109340.937388
-3636,3000,109350.773798
-5372,3000,109360.80729
-9628,3000,109370.835913
1716,3000,109380.829099
-3488,3000,109390.976404
-11812,3000,109400.51118
-12608,3000,109410.472803
-14396,3000,109420.583594
-7496,3000,109430.35912
-6452,3000,109440.095233
-6468,3000,109449.897812
-4548,3000,109459.648756
-8856,3000,109469.147844
-8344,3000,109478.930669
-1292,3000,109489.099346
-13520,3000,109498.928387
-12480,3000,109509.069014
-9572,3000,109518.761111
-6456,3000,109529.058202
-5452,3000,109538.64429
-6748,3000,109548.627495
-15732,3000,109558.477291
-12444,3000,109568.425843
-6584,3000,109578.446983
-13592,3000,109588.491393
-3328,3000,109598.350571
-8424,3000,109607.916495
-1432,3000,109618.232928
-7568,3000,109628.051331
-6576,3000,109637.796468
-4660,3000,109647.352917
-10316,3000,109657.349457
-13532,3000,109667.651454
-9864,3000,109677.332946
-7664,3000,109686.80948
-9496,3000,109696.701805
-11496,3000,109706.837743
-7844,3000,109716.039548
-6424,3000,109725.711514
-3516,3000,109735.572143
-6876,3000,109753.210512
-9696,3000,109762.71075
-11648,3000,109772.471447
-1544,3000,109782.783137
-12280,3000,109792.102978
-1632,3000,109801.670084
-3300,3000,109811.616735
-13664,3000,109821.478069
400,3000,109831.40094
-17368,3000,109841.013864
-15696,3000,109850.913502
-7416,3000,109860.646493
-5400,3000,109870.516669
-9528,3000,109880.401636
-10472,3000,109889.935696
-6872,3000,109899.446775
-12492,3000,109909.564176
272,3000,109919.113809
-10792,3000,109928.675443
-7492,3000,109938.559612
-18580,3000,109948.327152
-8628,3000,109958.271098
-10608,3000,109968.311508
-2476,3000,109978.428279
-7548,3000,109988.518513
-12764,3000,109998.430468
-5412,3000,110007.978555
-4496,3000,110017.417352
-5636,3000,110027.116006
-13896,3000,110036.773214
-7724,3000,110046.307053
-7400,3000,110055.983105
-6580,3000,110065.542708
-4448,3000,110074.882526
-12696,3000,110084.655991
-6724,3000,110094.237393
-10624,3000,110104.674995
-2332,3000,110114.273515
-7516,3000,110124.475304
-4672,3000,110134.259192
-7480,3000,110143.955596
-4560,3000,110153.416544
-10492,3000,110163.45376
-9640,3000,110173.132597
-6752,3000,110182.562274
-7724,3000,110192.008993
-14492,3000,110202.352876
-12540,3000,110212.169279
-4356,3000,110221.946436
-1296,3000,110231.640843
-3484,3000,110240.687294
-6848,3000,110250.37637
-8724,3000,110260.268542
-8540,3000,110270.009229
-15364,3000,110280.321051
-8736,3000,110290.073944
-19500,3000,110299.695926
-11652,3000,110309.703973
-11556,3000,110319.622503
-14500,3000,110329.158169
-13624,3000,110339.427067
-6680,3000,110349.102945
-5124,3000,110359.381322
-8560,3000,110369.583422
-3460,3000,110379.491583
-9532,3000,110389.324618
-6784,3000,110398.942611
-6728,3000,110417.089392
-7544,3000,110427.540397
-8548,3000,110437.576757
-9408,3000,110447.745845
-15520,3000,110457.67933
-1508,3000,110467.751743
-11488,3000,110478.049824
-12496,3000,110487.684799
-13476,3000,110497.846915
-9320,3000,110507.51399
-4592,3000,110516.865275
-7564,3000,110526.337248
-14268,3000,110536.560628
-11188,3000,110546.026504
-5432,3000,110555.919258
-12648,3000,110565.705598
-4672,3000,110575.916234
-7336,3000,110585.488465
-12636,3000,110595.107812
-6920,3000,110604.86991
-18576,3000,110614.871151
-6716,3000,110624.819964
-2516,3000,110634.574146
-3676,3000,110644.384663
-2448,3000,110654.070407
-7592,3000,110663.919339
-13560,3000,110673.418748
-9400,3000,110683.24366
-5600,3000,110692.646478
-7588,3000,110701.845594
-7684,3000,110711.465558
-11660,3000,110721.635836
-4724,3000,110731.579273
-8576,3000,110741.272493
-11460,3000,110751.608735
-10536,3000,110761.303006
-5536,3000,110770.767579
-6500,3000,110780.390032
-6472,3000,110790.831643
-6756,3000,110800.414502
-12288,3000,110810.668703
-10664,3000,110820.41813
-6904,3000,110830.043267
-14088,3000,110840.366472
-11472,3000,110850.575811
-3588,3000,110860.370289
-12332,3000,110870.117398
-11628,3000,110879.762459
-5328,3000,110889.943874
-8692,3000,110899.621025
-3652,3000,110909.521497
-14008,3000,110918.687849
-3584,3000,110928.52495
-5780,3000,110938.527841
-8528,3000,110948.190726
-10444,3000,110958.269313
-5440,3000,110968.309949
-5416,3000,110977.967839
-4608,3000,110987.623675
-5500,3000,110997.371262
-8244,3000,111007.315228
-5220,3000,111017.318673
-144,3000,111027.383448
-11436,3000,111037.263555
-9708,3000,111047.261971
-5432,3000,111057.015249
-552,3000,111066.604956
-4844,3000,111084.904083
-9560,3000,111094.856916
-12680,3000,111104.630776
-9580,3000,111114.674366
-3612,3000,111124.213712
-9520,3000,111134.179912
-9484,3000,111143.960405
-1224,3000,111153.933663
-1576,3000,111163.566018
-7572,3000,111173.763104
-5708,3000,111183.472499
-7628,3000,111192.973013
-14532,3000,111202.854221
-3668,3000,111212.405125
-9556,3000,111221.957613
-4340,3000,111231.666403
-1444,3000,111241.743598
-10384,3000,111251.596512
-8348,3000,111261.739397
-8564,3000,111271.839006
-4452,3000,111281.62848
-5428,3000,111290.829878
-11556,3000,111300.66731
-13324,3000,111310.559503
-5608,3000,111320.419142
-8360,3000,111330.396858
-13608,3000,111339.822942
-7604,3000,111349.601361
-2600,3000,111359.71377
-6572,3000,111369.194687
-7740,3000,111378.949653
-8764,3000,111388.579545
-17520,3000,111397.939204
-9408,3000,111407.60218
-3848,3000,111417.179955
-13424,3000,111427.023314
-9612,3000,111436.8655
456,3000,111446.238152
-6492,3000,111456.390043
-5728,3000,111466.267652
-1460,3000,111475.670277
-7684,3000,111485.550187
-7300,3000,111495.797954
-9724,3000,111505.364217
-13500,3000,111515.620718
-8464,3000,111525.32328
-7380,3000,111535.596695
-2808,3000,111545.394271
-3676,3000,111555.078686
-8508,3000,111564.889131
-2568,3000,111575.281024
-6584,3000,111585.121944
-4516,3000,111595.142894
-4600,3000,111604.912112
-8648,3000,111614.587081
-5520,3000,111624.505172
-5672,3000,111634.488356
-6480,3000,111644.193769
-6660,3000,111654.136145
-12564,3000,111663.860254
-2872,3000,111673.597113
-9480,3000,111683.468711
-3580,3000,111693.243333
-16864,3000,111702.877279
-6724,3000,111712.939528
-3292,3000,111722.586767
-12436,3000,111740.76989
-7784,3000,111750.333087
2504,3000,111760.079644
-3824,3000,111769.497535
-8636,3000,111779.148868
-10436,3000,111789.304889
-10572,3000,111799.521023
-2692,3000,111809.385788
-7464,3000,111819.272273
-5772,3000,111828.982795
-13584,3000,111838.684249
-11688,3000,111848.296983
-9352,3000,111858.209878
-8564,3000,111867.600676
-12448,3000,111877.382775
-9804,3000,111887.494525
-10628,3000,111896.93358
-10676,3000,111907.040763
-5488,3000,111916.452802
-9764,3000,111925.963753
-3368,3000,111935.761033
-11632,3000,111945.204695
-4928,3000,111955.063797
-8288,3000,111965.071535
-6532,3000,111974.951478
-7548,3000,111984.668205
-6740,3000,111994.476398
-11488,3000,112004.101063
-9732,3000,112014.181863
-6480,3000,112024.050513
-11380,3000,112034.22732
-10800,3000,112043.841944
-2160,3000,112053.577075
-1240,3000,112063.611595
-8780,3000,112073.598035
-6456,3000,112083.415651
-8708,3000,112093.264987
-15720,3000,112103.285352
-7456,3000,112113.498561
-5964,3000,112123.4695
-7584,3000,112133.439783
-11420,3000,112143.186924
-9560,3000,112152.554803
-13176,3000,112162.819083
-4580,3000,112172.341818
-15576,3000,112182.06122
-7376,3000,112191.986888
-10408,3000,112202.185129
-4388,3000,112211.506884
-5940,3000,112221.349786
-6700,3000,112231.077881
-8436,3000,112240.959279
-10652,3000,112250.66162
-6524,3000,112260.332982
-11988,3000,112270.090752
-11812,3000,112279.685062
-11880,3000,112289.452213
-4764,3000,112298.823897
-20708,3000,112308.9046
-12444,3000,112318.922891
-6804,3000,112328.932182
-8764,3000,112338.381604
-1544,3000,112348.572674
-15600,3000,112358.380689
-3312,3000,112368.188438
-5644,3000,112378.498628
-14636,3000,112388.468971
-10780,3000,112407.192103
-1672,3000,112417.337776
-5636,3000,112426.887369
-7708,3000,112436.783992
-6428,3000,112446.775138
-8916,3000,112456.360798
-6632,3000,112466.318849
-11624,3000,112475.857818
-9816,3000,112485.883972
-11372,3000,112495.818927
-13532,3000,112505.882561
-3504,3000,112516.106527
-8344,3000,112526.113607
-7484,3000,112536.030228
508,3000,112546.102396
-8620,3000,112556.539847
-10844,3000,112566.173794
-7428,3000,112576.095075
-5720,3000,112585.749109
-5476,3000,112595.915468
-3832,3000,112605.884425
-4812,3000,112615.938567
-4508,3000,112625.61358
-9820,3000,112635.380481
-5600,3000,112645.479338
-5820,3000,112655.504408
-6592,3000,112665.645605
-8704,3000,112675.379852
-13636,3000,112685.721457
-3788,3000,112695.699339
-8528,3000,112705.709548
-11676,3000,112715.072915
-7748,3000,112724.755099
-14768,3000,112734.480353
-18624,3000,112744.572658
-14772,3000,112754.226653
-11816,3000,112764.239248
-4588,3000,112773.720638
-11876,3000,112783.169802
-4664,3000,112793.069139
-14696,3000,112802.827934
-9372,3000,112813.038275
-9476,3000,112822.815364
-5432,3000,112832.91886
-7692,3000,112842.595497
588,3000,112852.394211
-9488,3000,112862.349928
-10780,3000,112872.183794
-10812,3000,112881.640377
-9904,3000,112891.691451
-14900,3000,112901.822639
-1516,3000,112911.940597
-10348,3000,112921.961914
-23628,3000,112931.645218
-8948,3000,112941.720046
-9596,3000,112951.587786
-6660,3000,112961.47365
-5852,3000,112971.423558
-3548,3000,112981.241561
-7584,3000,112991.416432
-5776,3000,113001.641217
-5584,3000,113011.534307
408,3000,113021.651241
-2556,3000,113031.3413
-11508,3000,113041.783903
-8792,3000,113051.60682
-6808,3000,113061.63144
-9712,3000,113080.311142
-5580,3000,113090.116718
-3920,3000,113099.824366
-11940,3000,113109.313098
-6456,3000,113119.152677
-2648,3000,113129.284694
-9624,3000,113139.475627
-8072,3000,113149.129997
-3484,3000,113158.984205
-12696,3000,113168.849542
-8772,3000,113178.873269
-13520,3000,113188.850498
-4708,3000,113198.645691
-6576,3000,113208.230375
-10724,3000,113217.91993
-8576,3000,113227.874896
-12844,3000,113237.625628
2516,3000,113247.370651
-12864,3000,113257.23122
-8572,3000,113267.159497
-5800,3000,113277.291008
-10552,3000,113287.213675
-11568,3000,113297.511309
-4848,3000,113307.195264
-11040,3000,113316.831161
-3768,3000,113326.969785
-13688,3000,113337.329721
-9492,3000,113347.361258
-11612,3000,113357.141474
-7816,3000,113367.314269
-6756,3000,113377.391922
-3740,3000,113387.102702
-13552,3000,113397.121145
-6032,3000,113407.021047
-14964,3000,113416.606084
-6664,3000,113426.233824
-9012,3000,113436.18179
-5760,3000,113446.32995
-6420,3000,113456.501204
-10472,3000,113466.472645
-2588,3000,113476.61798
-9836,3000,113486.38396
-14976,3000,113495.794644
-4644,3000,113505.685144
-3864,3000,113515.694244
-8588,3000,113525.759402
-4580,3000,113536.153349
-5800,3000,113546.35157
-11744,3000,113556.828831
-10408,3000,113566.817614
-16812,3000,113577.118821
216,3000,113587.047332
-8836,3000,113596.780077
-12628,3000,113606.71513
-3556,3000,113616.881519
-17848,3000,113626.807114
-9660,3000,113636.934519
-11644,3000,113646.503902
-8848,3000,113656.140305
-6856,3000,113665.736392
-5648,3000,113675.652889
-11836,3000,113685.594265
-8304,3000,113695.636621
-9548,3000,113705.146624
-4692,3000,113715.317813
-8884,3000,113724.901592
-15696,3000,113743.327208
-7312,3000,113753.53842
-4684,3000,113763.78176
-4916,3000,113773.768605
-6932,3000,113783.820786
-11648,3000,113794.425236
-2420,3000,113804.172138
-2464,3000,113813.963423
-8516,3000,113824.154371
-4848,3000,113833.899844
-7700,3000,113844.200887
-3624,3000,113854.351448
-6732,3000,113864.481246
-8676,3000,113875.021475
-6404,3000,113885.321372
-11416,3000,113895.362354
-8680,3000,113905.420001
-12796,3000,113915.429224
-4980,3000,113925.512259
-6844,3000,113935.404989
-6704,3000,113945.356539
-17760,3000,113955.157362
-2700,3000,113965.424453
-6744,3000,113975.356764
-3692,3000,113985.482877
-8532,3000,113995.674731
-9552,3000,114005.846324
-5644,3000,114016.04319
-14632,3000,114026.259188
-13808,3000,114035.974041
-14444,3000,114046.191551
-9856,3000,114056.198768
-4640,3000,114066.201462
-11676,3000,114076.299025
-12620,3000,114086.448094
-12680,3000,114096.473331
-5444,3000,114106.44823
-9576,3000,114116.771473
-12452,3000,114126.953444
-6900,3000,114137.253505
-2444,3000,114146.948965
-3756,3000,114157.011672
-3612,3000,114167.244836
-1836,3000,114176.91766
-16564,3000,114186.67946
-7464,3000,114196.595685
-9780,3000,114206.883678
-4792,3000,114216.916941
-4748,3000,114226.326227
-7584,3000,114236.433707
-11020,3000,114246.168462
-6628,3000,114256.413741
-11544,3000,114266.323025
-5520,3000,114276.025514
-14708,3000,114285.993701
-14768,3000,114295.358778
-9452,3000,114305.77788
-16964,3000,114316.284194
-18672,3000,114326.192524
-1552,3000,114336.516104
-7908,3000,114346.305066
-7836,3000,114356.162071
-17644,3000,114366.411294
-10748,3000,114376.17286
-2764,3000,114385.570238
-7644,3000,114395.752238
-3632,3000,114405.917431
-11764,3000,114424.783696
-8624,3000,114434.437629
-15712,3000,114444.13278
-4660,3000,114453.892854
-6912,3000,114463.777639
-18496,3000,114473.514628
-5644,3000,114483.476702
-4540,3000,114493.054399
-7536,3000,114503.175816
-8996,3000,114512.955683
-8764,3000,114522.762207
-9680,3000,114532.999395
-11624,3000,114542.82283
-9832,3000,114552.937423
-2664,3000,114563.313245
-12584,3000,114573.243802
-8560,3000,114583.249275
-2716,3000,114593.020184
-2792,3000,114603.120609
-4720,3000,114613.346848
-3632,3000,114623.219807
-9868,3000,114633.096622
-5844,3000,114643.164324
-10640,3000,114653.699042
-18684,3000,114664.243338
-6804,3000,114674.411594
-8268,3000,114684.650307
-9468,3000,114695.010271
-10968,3000,114705.103327
-1500,3000,114715.757194
-14812,3000,114726.267416
-6740,3000,114735.8376
-2696,3000,114745.666991
-15528,3000,114756.036348
-9968,3000,114765.579616
-2768,3000,114775.063366
-13592,3000,114784.796789
-6672,3000,114794.487772
-1760,3000,114804.283117
-5728,3000,114814.328039
-2444,3000,114824.297416
-15860,3000,114834.087747
-7576,3000,114843.968515
-9724,3000,114853.79221
-10916,3000,114863.783539
-12392,3000,114873.955582
-3756,3000,114884.079417
-8852,3000,114893.775459
-3504,3000,114903.46183
-5684,3000,114913.19864
-9864,3000,114922.959816
-11608,3000,114932.532677
-5360,3000,114942.36955
-13572,3000,114952.408458
-10812,3000,114962.391859
-3452,3000,114972.564806
-9676,3000,114982.566002
-9844,3000,114992.271458
-5568,3000,115001.913125
-10700,3000,115012.12872
-9756,3000,115022.346424
-3656,3000,115032.429952
-10712,3000,115042.507107
-4524,3000,115052.513153
-12432,3000,115062.35465
-7456,3000,115072.428337
-8616,3000,115082.430751
-13824,3000,115100.827179
-12768,3000,115111.219828
-10720,3000,115120.965847
-9792,3000,115130.704863
-8704,3000,115140.921956
-8728,3000,115150.672942
-10688,3000,115160.281893
-4620,3000,115170.324581
-5712,3000,115180.762506
-12812,3000,115190.985724
-6780,3000,115200.545593
-13776,3000,115210.723472
-1376,3000,115220.412864
-13776,3000,115230.337128
-5640,3000,115240.869308
3472,3000,115251.13473
-10560,3000,115261.073747
-6616,3000,115270.792452
-10572,3000,115280.932611
-10572,3000,115291.174445
-11956,3000,115301.098005
-7744,3000,115310.700198
-11920,3000,115321.386041
-10548,3000,115331.648962
-5912,3000,115342.296332
-7460,3000,115352.75699
-4472,3000,115363.007658
-10680,3000,115372.90085
-6776,3000,115383.310414
-7520,3000,115393.037139
-6772,3000,115403.192548
-7572,3000,115413.657779
-1772,3000,115423.423078
-11828,3000,115433.357009
-11104,3000,115443.364571
-9424,3000,115453.32834
-5900,3000,115463.606313
-7408,3000,115473.552711
-16664,3000,115483.888982
-7916,3000,115494.086748
-15712,3000,115504.331662
-11480,3000,115514.735556
-11512,3000,115524.491748
-11732,3000,115534.48815
-8596,3000,115544.817817
-11632,3000,115554.970585
-12724,3000,115565.174788
-10700,3000,115575.531982
-17824,3000,115585.592117
-6792,3000,115595.255966
-16476,3000,115605.340554
-4884,3000,115615.171497
-5640,3000,115625.365371
-3740,3000,115635.308627
-15792,3000,115645.31971
-14752,3000,115655.526729
-8428,3000,115665.728017
-13800,3000,115676.116274
-3524,3000,115686.030574
-11868,3000,115696.316115
-12532,3000,115706.214019
-11428,3000,115716.345507
-9684,3000,115726.414967
-10484,3000,115736.834715
-8900,3000,115746.759187
-10928,3000,115756.969927
-8216,3000,115775.532819
-8672,3000,115785.632855
-7848,3000,115795.749572
-12760,3000,115806.078231
-1752,3000,115815.847448
-5596,3000,115826.387411
-2612,3000,115836.318979
260,3000,115846.19847
-3652,3000,115856.456301
-11696,3000,115866.377538
-12680,3000,115876.549183
-11868,3000,115886.494539
-5788,3000,115896.366093
-8568,3000,115906.652339
-8896,3000,115916.276031
-8856,3000,115925.867563
-2756,3000,115935.26361
-5676,3000,115944.850536
-8644,3000,115955.093867
-4644,3000,115964.929617
-4404,3000,115975.002383
-6032,3000,115984.742122
-5308,3000,115994.216517
-12488,3000,116003.781304
-6764,3000,116013.501257
-4572,3000,116023.652556
-12740,3000,116033.209143
-10812,3000,116042.896833
-7920,3000,116052.903042
-5636,3000,116063.578859
-6564,3000,116073.677194
-7732,3000,116083.328634
-8576,3000,116093.308955
-9920,3000,116103.057654
-5460,3000,116112.830073
-8848,3000,116122.557027
-9552,3000,116132.580297
-9896,3000,116142.336901
-11632,3000,116152.410367
-14708,3000,116162.809584
-4824,3000,116172.402216
-4996,3000,116182.234324
-9796,3000,116192.189853
-7764,3000,116201.680213
-8796,3000,116211.631356
-612,3000,116221.415184
-10832,3000,116231.376296
-6488,3000,116241.410394
-11532,3000,116251.444736
-4600,3000,116261.203581
-4544,3000,116271.112024
-8812,3000,116281.342313
-8668,3000,116291.377474
-16492,3000,116301.396554
-10608,3000,116311.633858
-3248,3000,116322.141516
-8916,3000,116332.161897
-6708,3000,116342.084048
-7724,3000,116352.024482
-14708,3000,116362.229918
-1792,3000,116372.436361
-3924,3000,116382.057384
-5692,3000,116391.932553
-11592,3000,116401.975
-12536,3000,116411.872399
-6520,3000,116422.217441
-10624,3000,116432.357994
-12388,3000,116450.585868
-4996,3000,116460.783761
-1896,3000,116470.712159
-9952,3000,116480.770869
-9640,3000,116490.258209
-8676,3000,116500.074998
-8788,3000,116510.213341
-6668,3000,116520.262223
-10872,3000,116530.51415
-6592,3000,116540.174323
-6516,3000,116549.84529
-5780,3000,116560.11801
324,3000,116570.024879
2364,3000,116579.873915
-10672,3000,116590.304925
-12448,3000,116600.102289
-3688,3000,116609.86046
-14548,3000,116619.98772
-10848,3000,116629.916886
-15692,3000,116640.083539
-11964,3000,116649.798929
-6932,3000,116659.471773
-9476,3000,116669.135814
-9856,3000,116678.984375
-7460,3000,116688.83531
-3932,3000,116698.905808
-9384,3000,116708.735197
-6776,3000,116718.47891
-7660,3000,116728.718779
-11764,3000,116739.161012
-9620,3000,116748.690762
-5676,3000,116758.545399
-1812,3000,116768.188722
-7892,3000,116778.042812
-16944,3000,116787.633045
-8708,3000,116797.470944
-12808,3000,116807.777796
-9636,3000,116817.864945
-11664,3000,116827.489102
-11756,3000,116837.380369
-7576,3000,116847.41013
-10668,3000,116857.991308
-7332,3000,116868.465937
-19584,3000,116878.265255
424,3000,116888.404563
-10776,3000,116898.407578
-2644,3000,116908.692302
-13528,3000,116918.902456
-3412,3000,116928.854427
-2680,3000,116939.125006
-7648,3000,116948.849195
-11804,3000,116959.092282
-20548,3000,116969.299232
-11884,3000,116978.931144
-10748,3000,116988.766305
-7864,3000,116998.064151
-1624,3000,117007.579828
-18052,3000,117017.741035
-9712,3000,117027.43749
-6724,3000,117037.392197
-10696,3000,117047.330657
-8688,3000,117057.299514
-5504,3000,117067.570259
-9696,3000,117077.063636
-7780,3000,117086.98867
-5848,3000,117096.809557
-4656,3000,117106.759086
-5644,3000,117124.984598
-5488,3000,117134.805315
-8476,3000,117144.430618
-11732,3000,117154.458728
-10572,3000,117164.345913
-18580,3000,117174.420169
-6588,3000,117184.449604
-7844,3000,117194.41208
-5868,3000,117204.297173
-14696,3000,117213.918875
-6032,3000,117224.000284
-10680,3000,117234.235501
-2560,3000,117244.421564
-10732,3000,117254.456891
-9672,3000,117265.44016
-8884,3000,117274.919112
-5720,3000,117284.909463
-9444,3000,117295.125302
-9980,3000,117305.35405
-8940,3000,117315.530893
-6416,3000,117325.524039
-9580,3000,117336.151594
-14724,3000,117346.514962
-9888,3000,117356.627125
-4724,3000,117366.407298
-11772,3000,117376.428981
-9696,3000,117386.554953
-6396,3000,117396.823974
-2736,3000,117406.76418
-17692,3000,117416.57316
-4788,3000,117426.291643
-7676,3000,117436.672564
-7788,3000,117447.364153
-7828,3000,117457.295745
-14892,3000,117467.471186
-11636,3000,117477.27551
-8700,3000,117486.674138
-10668,3000,117496.917764
-9560,3000,117506.936559
-8944,3000,117516.760761
-6508,3000,117527.170027
-6844,3000,117537.199573
-4696,3000,117547.078495
-10812,3000,117557.084886
-8632,3000,117566.884039
-11856,3000,117576.874371
-5528,3000,117586.848451
-7728,3000,117596.877024
-11448,3000,117607.234827
-5956,3000,117617.271155
-4608,3000,117627.039848
-13552,3000,117636.854657
-19536,3000,117646.658055
-7640,3000,117657.241051
-10552,3000,117667.171921
-4496,3000,117676.7523
-8668,3000,117687.000034
-6676,3000,117697.091927
-7892,3000,117706.867727
-6476,3000,117716.885684
-7628,3000,117726.662266
-5656,3000,117736.841228
-7944,3000,117746.906944
-14464,3000,117757.048559
588,3000,117766.783183
-6880,3000,117776.149776
-11732,3000,117794.643143
-2564,3000,117804.902317
-14896,3000,117814.692669
-9664,3000,117824.315396
-4956,3000,117834.560261
-9032,3000,117844.190294
-5872,3000,117854.302028
88,3000,117864.095229
-8564,3000,117874.171336
-7672,3000,117884.322763
-10488,3000,117894.556904
-2648,3000,117904.517451
-10684,3000,117914.672521
-1484,3000,117924.925776
-20696,3000,117935.204763
-10680,3000,117945.006254
-12840,3000,117955.10755
-9704,3000,117965.123541
-15780,3000,117975.012722
-10644,3000,117984.891847
-13532,3000,117994.681702
-5624,3000,118004.995383
-7796,3000,118014.740395
-10536,3000,118024.939151
-8432,3000,118035.549638
-12508,3000,118045.40429
-5484,3000,118055.221843
-5836,3000,118065.114239
-7024,3000,118074.884182
-7724,3000,118085.146978
-9524,3000,118095.172291
-16600,3000,118105.333555
-4544,3000,118115.050976
-4964,3000,118124.833673
-13584,3000,118135.04953
-2568,3000,118145.179277
-2712,3000,118154.910466
-10616,3000,118164.708429
-13720,3000,118174.264712
-12632,3000,118183.993262
-8720,3000,118194.269643
-4652,3000,118204.164201
-9796,3000,118214.420743
-7844,3000,118224.292029
-11388,3000,118233.909757
-6620,3000,118244.452281
-7724,3000,118254.035829
-12988,3000,118263.877139
-3840,3000,118273.120964
-8656,3000,118283.000654
-10372,3000,118292.985729
-7464,3000,118302.943598
-2056,3000,118312.907371
-5952,3000,118322.812564
-14908,3000,118332.875953
-840,3000,118342.729795
-3464,3000,118353.35648
232,3000,118363.212766
-12972,3000,118373.278949
-5940,3000,118383.156332
-9596,3000,118393.019167
-7512,3000,118403.206938
-4644,3000,118413.051284
-15748,3000,118423.112459
-13644,3000,118432.528013
-7792,3000,118442.64088
-12692,3000,118452.394062
-9708,3000,118471.082334
-11740,3000,118480.885816
-14720,3000,118491.424272
32,3000,118500.952976
-11920,3000,118510.64696
-7748,3000,118520.570016
-10564,3000,118530.774831
-13500,3000,118540.89348
-840,3000,118551.042794
-9864,3000,118560.770697
-11844,3000,118570.42522
-10004,3000,118580.144519
-4644,3000,118590.220845
-7604,3000,118600.068199
-10652,3000,118609.763772
-10692,3000,118619.513807
-2556,3000,118629.604955
-7484,3000,118639.557917
-6780,3000,118649.386175
-3700,3000,118658.990309
-1528,3000,118668.897833
-6660,3000,118678.812287
-9772,3000,118688.901831
-11828,3000,118699.047191
-2684,3000,118708.750222
-5736,3000,118718.450243
-10864,3000,118728.785566
-4692,3000,118738.650368
-17864,3000,118748.058657
-6708,3000,118757.716102
-6668,3000,118767.577261
-13736,3000,118777.135836
-7784,3000,118787.260342
-5796,3000,118797.059883
-11744,3000,118806.976749
-13772,3000,118816.499363
-9596,3000,118826.493584
-7740,3000,118836.77366
-3688,3000,118846.617233
-7648,3000,118856.198322
-2604,3000,118866.23074
-5848,3000,118876.124182
-10432,3000,118886.172484
-5696,3000,118896.332667
-3772,3000,118906.220574
-2636,3000,118916.419345
-3044,3000,118926.587746
-9556,3000,118936.291847
-5908,3000,118946.083344
-9404,3000,118956.05666
-9580,3000,118966.035968
-9604,3000,118976.205339
-5860,3000,118985.717505
-5568,3000,118995.531625
-13024,3000,119005.790249
-8544,3000,119015.402397
-8760,3000,119025.428079
-16708,3000,119035.932379
-14788,3000,119046.018395
-2780,3000,119056.172705
-9676,3000,119066.6484
-3644,3000,119076.849056
-6808,3000,119087.138919
-3760,3000,119097.368304
-10792,3000,119107.377408
-10824,3000,119118.283464
-9672,3000,119128.087465
-6752,3000,119146.878999
-5600,3000,119156.508131
-7372,3000,119166.870759
-7632,3000,119177.336919
-11724,3000,119187.59802
-7916,3000,119197.535436
-3776,3000,119207.242225
-4628,3000,119217.739646
-12704,3000,119227.288487
-4640,3000,119237.47519
-10584,3000,119246.962776
-2636,3000,119257.053777
-11728,3000,119266.963401
-6408,3000,119276.577055
-4324,3000,119286.587962
-10732,3000,119296.47958
-5688,3000,119306.315471
-8676,3000,119316.039775
-9720,3000,119325.671097
-5840,3000,119335.526345
-7860,3000,119345.476291
-1660,3000,119354.954374
-8708,3000,119364.766977
-10792,3000,119374.820234
-12396,3000,119385.00016
-10524,3000,119394.953009
-10560,3000,119405.001736
-8604,3000,119415.403856
-6648,3000,119425.337075
-5624,3000,119435.489033
-7568,3000,119445.26603
-13764,3000,119455.361281
-6700,3000,119465.240354
-7676,3000,119475.149206
-4636,3000,119485.246904
-7536,3000,119495.214596
-9724,3000,119505.143376
-8552,3000,119515.287421
-12916,3000,119525.600937
-3484,3000,119535.415802
-6728,3000,119545.291085
-17380,3000,119555.167159
-9976,3000,119565.560817
-14804,3000,119575.726403
-9944,3000,119585.942919
-8464,3000,119595.689668
-13916,3000,119605.679631
-11336,3000,119615.775899
-4808,3000,119625.474692
-3780,3000,119635.835336
-8656,3000,119645.860042
-8892,3000,119655.651445
-2724,3000,119665.797952
-8784,3000,119675.607442
-1624,3000,119685.883811
-5500,3000,119696.120694
-9996,3000,119706.428289
-9884,3000,119716.466881
-8524,3000,119726.609536
-12928,3000,119736.816435
-4568,3000,119746.705143
-5764,3000,119756.394258
-7624,3000,119766.474718
-11916,3000,119776.230292
-12800,3000,119786.198375
-9712,3000,119796.201188
-2792,3000,119815.092867
-3520,3000,119824.557534
-3584,3000,119834.395519
-2556,3000,119845.593636
-8804,3000,119855.691646
-5892,3000,119865.641915
-11876,3000,119875.457376
-5616,3000,119885.540175
-8812,3000,119895.704027
-10824,3000,119905.309586
-8604,3000,119915.123134
-3772,3000,119925.296582
-6452,3000,119934.693839
-6580,3000,119944.914031
-10604,3000,119955.275994
-9584,3000,119965.695109
-8808,3000,119975.445598
-10648,3000,119985.068909
-7528,3000,119994.809457
-9780,3000,120004.83638
-8044,3000,120014.805736
-9816,3000,120025.353806
-8484,3000,120035.163052
-7464,3000,120045.525378
-7584,3000,120055.415546
-3928,3000,120065.272539
-9908,3000,120075.492338
-10764,3000,120085.717628
-7948,3000,120095.295011
-396,3000,120104.736743
-9760,3000,120114.719197
-8824,3000,120124.964707
-7716,3000,120135.179451
-9628,3000,120145.555965
-3564,3000,120155.742511
-9676,3000,120165.802626
-4624,3000,120175.461824
-13572,3000,120185.748855
-7676,3000,120195.487749
-5724,3000,120205.422355
-6680,3000,120215.565275
-12692,3000,120225.669123
-10560,3000,120236.174953
-6832,3000,120246.016925
-10128,3000,120255.613562
-7476,3000,120265.418032
-11728,3000,120275.438495
-4752,3000,120285.374551
-9648,3000,120295.339789
-9532,3000,120305.2408
-6692,3000,120315.28179
-10660,3000,120325.699764
-11452,3000,120335.651842
-8684,3000,120345.281187
-5708,3000,120354.870595
-11544,3000,120364.98463
-12008,3000,120374.856335
-7632,3000,120384.798922
-10632,3000,120394.471113
-11620,3000,120404.201116
-9700,3000,120414.356342
-5828,3000,120423.615694
-8712,3000,120433.38313
-3432,3000,120443.322829
-8972,3000,120453.386208
-10588,3000,120463.115658
-7924,3000,120472.307189
-4892,3000,120490.089513
-11772,3000,120499.766371
-924,3000,120509.341948
-11812,3000,120520.021179
-10988,3000,120529.989308
-5668,3000,120540.118829
-10936,3000,120549.897777
-4652,3000,120560.325045
-6588,3000,120570.45411
-20432,3000,120580.025175
-2872,3000,120590.162163
-11648,3000,120600.352098
-5624,3000,120610.242675
-10432,3000,120620.107792
-12044,3000,120630.38559
-8712,3000,120640.102469
-7760,3000,120649.852034
-2548,3000,120659.941259
-15640,3000,120670.489258
-14052,3000,120680.64356
-3760,3000,120690.412646
-7744,3000,120700.783313
-5396,3000,120711.066822
-13528,3000,120721.487951
-4608,3000,120731.713148
-6428,3000,120741.436711
-6764,3000,120751.862464
-10704,3000,120762.026641
-6680,3000,120772.106313
-10756,3000,120782.024883
-7836,3000,120792.015581
-680,3000,120801.859931
-10584,3000,120811.644116
-13520,3000,120821.611637
-7556,3000,120831.792564
-8804,3000,120841.880818
-8612,3000,120852.118401
-14768,3000,120862.621249
-8732,3000,120872.667057
-10560,3000,120882.537097
-700,3000,120892.692111
-7580,3000,120902.999969
-2884,3000,120912.826734
-4660,3000,120922.994434
-5060,3000,120933.409956
-11868,3000,120943.245832
-7680,3000,120953.682143
-14488,3000,120963.990605
-15684,3000,120973.869157
-4864,3000,120983.964383
-7464,3000,120994.436794
-8632,3000,121004.233552
-4712,3000,121014.19669
-4740,3000,121023.875142
-11836,3000,121033.650429
-11472,3000,121044.001859
-7572,3000,121053.741606
-9976,3000,121063.102093
-5764,3000,121073.339266
-5796,3000,121083.186013
-4528,3000,121093.131171
-9668,3000,121102.822557
-1620,3000,121113.049651
-12796,3000,121122.696507
-3996,3000,121132.251315
-9652,3000,121141.859662
-12716,3000,121151.610188
-7764,3000,121170.487947
-5632,3000,121180.497841
-16652,3000,121190.748652
-6628,3000,121200.432247
-12252,3000,121210.445565
-5632,3000,121220.128847
-4528,3000,121230.447606
-14804,3000,121240.289184
-4660,3000,121250.005186
-684,3000,121259.670394
-12292,3000,121269.734205
-8672,3000,121279.700198
-12996,3000,121289.233823
-19700,3000,121299.271157
-16724,3000,121309.044003
-10556,3000,121319.274806
-3540,3000,121329.327278
-11768,3000,121339.274164
-8744,3000,121349.078295
-7488,3000,121359.003755
-6568,3000,121368.752918
-8720,3000,121378.927851
-9772,3000,121388.723225
-9684,3000,121398.646941
-5876,3000,121408.469881
-8968,3000,121418.103038
-6532,3000,121428.30113
-6540,3000,121438.032206
-9644,3000,121448.254718
-6460,3000,121458.059502
-10020,3000,121468.848924
-14932,3000,121478.866862
-13616,3000,121488.689981
-3604,3000,121498.591024
-6764,3000,121508.410144
-3664,3000,121518.738896
-13600,3000,121528.88857
-9636,3000,121539.169205
-4752,3000,121549.041196
-11860,3000,121558.607113
-5468,3000,121568.671483
-7848,3000,121578.296673
-8816,3000,121587.866537
-14724,3000,121597.981062
-7920,3000,121608.404767
-9764,3000,121618.523554
-13864,3000,121628.329927
-3780,3000,121638.273752
-5460,3000,121648.255686
-5312,3000,121657.8186
-10596,3000,121667.102574
-4528,3000,121677.353079
-4404,3000,121687.287927
-912,3000,121697.105243
-10740,3000,121707.171134
-11744,3000,121717.69577
-7448,3000,121727.747174
-10780,3000,121737.724878
-6744,3000,121747.197447
-8612,3000,121757.072659
-13616,3000,121767.210462
-1708,3000,121777.478641
-9532,3000,121787.729834
-5796,3000,121797.348977
-4904,3000,121807.087514
-12552,3000,121818.076325
-6676,3000,121836.723663
-9536,3000,121847.378762
-10496,3000,121857.513333
-4692,3000,121867.814462
-14540,3000,121878.307929
-11836,3000,121888.426242
-1524,3000,121898.380188
-6932,3000,121908.603516
-2796,3000,121918.19476
-10536,3000,121928.250147
-8656,3000,121938.265488
-7936,3000,121948.111449
-10716,3000,121957.865205
-5944,3000,121967.916704
-1380,3000,121977.951982
-10876,3000,121988.174714
-8704,3000,121998.191757
-9908,3000,122008.187951
-6808,3000,122018.341185
-10644,3000,122028.189291
-8824,3000,122038.348385
-5700,3000,122047.847878
-2624,3000,122058.029718
-5912,3000,122067.803564
-4532,3000,122077.800917
-6088,3000,122087.906335
-10848,3000,122097.811937
-11564,3000,122108.140815
-5860,3000,122117.880457
-10544,3000,122128.124471
-7684,3000,122138.024109
-15712,3000,122147.655026
-7552,3000,122157.484796
-12756,3000,122167.92121
-6828,3000,122177.501524
-7728,3000,122187.587669
-10628,3000,122197.359161
-6724,3000,122207.631442
-7888,3000,122217.700469
-10880,3000,122227.883049
-10720,3000,122238.021601
-13896,3000,122248.013327
-11928,3000,122258.162407
-9768,3000,122268.184206
-2872,3000,122278.053969
-6396,3000,122288.158514
-10552,3000,122298.184457
-12004,3000,122308.697332
-11860,3000,122319.116418
-5904,3000,122328.745708
-10680,3000,122338.779846
-5748,3000,122348.778326
-4920,3000,122358.846441
-6548,3000,122368.736742
-2732,3000,122378.65465
300,3000,122388.15344
-2848,3000,122398.088072
-9484,3000,122408.795981
-10752,3000,122418.62456
-10292,3000,122428.676847
-5876,3000,122438.253368
-7664,3000,122448.25966
-9892,3000,122458.735018
-9320,3000,122469.075712
-12444,3000,122479.129939
-2636,3000,122489.040639
-7528,3000,122499.127396
-4772,3000,122517.78399
-7700,3000,122527.745656
-7728,3000,122537.817053
-13556,3000,122547.874478
-4724,3000,122558.349469
-20628,3000,122568.713911
-15596,3000,122578.425676
-7036,3000,122588.274558
-7528,3000,122598.614238
-3680,3000,122608.769473
-15480,3000,122618.825841
-8708,3000,122629.037872
-12724,3000,122639.934147
-14476,3000,122649.964223
-9660,3000,122660.257471
-5776,3000,122670.36236
-6488,3000,122680.675307
-1752,3000,122690.843909
-8944,3000,122700.915884
-13812,3000,122711.289313
-19912,3000,122721.753177
-13932,3000,122731.679129
-7760,3000,122741.860742
-12892,3000,122752.372007
-5980,3000,122762.516534
-8580,3000,122772.696925
-6948,3000,122782.588753
-12504,3000,122792.688812
-11724,3000,122803.264007
-8352,3000,122813.459173
-7840,3000,122823.265345
-10764,3000,122833.915206
-6608,3000,122844.542127
-6448,3000,122854.615854
-4704,3000,122864.452928
-4696,3000,122874.602673
-9624,3000,122884.22293
-9844,3000,122894.136906
-14816,3000,122904.583494
-7788,3000,122914.805942
-8064,3000,122925.306366
-10632,3000,122935.750724
-4664,3000,122945.79198
-6596,3000,122955.972444
-3464,3000,122965.837225
-4672,3000,122975.757192
-9632,3000,122985.476915
-1824,3000,122995.483507
-8456,3000,123005.468622
-9468,3000,123015.88097
-8656,3000,123026.444244
-5504,3000,123036.423171
-12680,3000,123046.229289
-4716,3000,123056.332227
-5764,3000,123066.50701
-11792,3000,123076.924785
-3660,3000,123086.917559
-9708,3000,123097.070536
-9888,3000,123106.529303
-6632,3000,123116.304308
-7516,3000,123126.359969
-8784,3000,123136.226918
-13044,3000,123146.348737
-9772,3000,123156.546487
-8656,3000,123166.175044
1200,3000,123176.243553
-16788,3000,123186.336396
-7920,3000,123204.262084
-15104,3000,123214.275168
-12308,3000,123224.907282
-15672,3000,123235.296878
-880,3000,123244.884029
-14572,3000,123255.084466
-12536,3000,123265.252189
-15784,3000,123275.428025
-13724,3000,123285.389484
-2504,3000,123295.599873
-6720,3000,123306.030576
-12856,3000,123316.144442
-7780,3000,123325.757938
-9744,3000,123335.77028
-3912,3000,123346.062559
-10652,3000,123355.947081
-6640,3000,123366.111764
-5108,3000,123376.134815
-10720,3000,123386.45428
-12808,3000,123396.337164
-4472,3000,123406.564746
-5472,3000,123417.209868
-12820,3000,123427.144842
-14860,3000,123437.345394
-10760,3000,123447.582674
-11756,3000,123457.670863
-2796,3000,123467.653943
-6656,3000,123477.655759
-8788,3000,123487.700081
-7568,3000,123497.797603
-3632,3000,123507.775747
-6404,3000,123518.000202
-1812,3000,123527.535242
-6452,3000,123537.559758
-7540,3000,123548.130199
-12680,3000,123558.223916
-8840,3000,123568.385441
-5824,3000,123578.105896
-4692,3000,123588.053665
-9672,3000,123598.323126
-5600,3000,123608.496356
-12672,3000,123618.935092
-8928,3000,123628.894607
-9604,3000,123639.279563
-8648,3000,123648.70612
-10584,3000,123658.740091
-8784,3000,123669.063833
-8400,3000,123678.907797
-10688,3000,123689.604914
-7360,3000,123699.826974
-804,3000,123710.223609
-12532,3000,123720.368064
-5964,3000,123730.227981
-8924,3000,123739.820009
-10556,3000,123750.138468
-4632,3000,123759.948981
-1968,3000,123770.013734
-6708,3000,123780.268049
-13772,3000,123790.501184
-15568,3000,123800.418201
-10364,3000,123810.983313
-9632,3000,123821.466197
-8760,3000,123831.394556
-5952,3000,123841.682327
-5388,3000,123851.467754
-9596,3000,123862.325777
-10692,3000,123880.569604
-13632,3000,123890.581623
-4872,3000,123900.661995
-14068,3000,123910.684539
-2756,3000,123920.988912
-3572,3000,123931.87127
-9872,3000,123941.85227
-15500,3000,123951.839672
-13608,3000,123961.567727
-7856,3000,123971.476741
-9544,3000,123981.615727
-10484,3000,123991.493027
-2652,3000,124001.914267
-8616,3000,124012.914109
-7828,3000,124023.556079
-6584,3000,124033.650059
-13940,3000,124043.701798
-7716,3000,124053.822707
-6572,3000,124063.95097
-9800,3000,124073.851708
-10600,3000,124083.991926
-9456,3000,124093.884177
-3616,3000,124103.895866
-2892,3000,124113.954111
-11576,3000,124123.886737
-12660,3000,124133.367491
-8996,3000,124143.109821
412,3000,124153.243974
-7640,3000,124163.378474
-14892,3000,124173.76709
-2880,3000,124183.258746
-8824,3000,124193.597236
-2764,3000,124203.80843
-3804,3000,124213.662363
-8900,3000,124223.742688
-8628,3000,124233.895326
-15764,3000,124244.364976
-6772,3000,124254.117685
-8940,3000,124264.332224
-7636,3000,124274.082466
-6536,3000,124284.886286
292,3000,124295.017066
-9680,3000,124305.239758
-7464,3000,124315.294644
-6832,3000,124325.073737
-9836,3000,124335.032461
-1616,3000,124344.806668
-8428,3000,124354.835737
-17528,3000,124365.19138
-6628,3000,124375.624902
-11732,3000,124386.106631
-10980,3000,124396.275324
-6684,3000,124406.201613
-5936,3000,124416.321401
-6884,3000,124426.275594
-10020,3000,124436.710388
-12724,3000,124446.606505
-1808,3000,124456.987619
-5720,3000,124466.816545
-17764,3000,124476.513244
-9768,3000,124486.418573
-5644,3000,124496.541879
-8796,3000,124506.631775
-3476,3000,124516.86545
-6664,3000,124526.977938
-8544,3000,124537.403885
-5584,3000,124547.596849
-7620,3000,124566.210559
-652,3000,124576.418948
-7544,3000,124586.342528
-9640,3000,124597.061823
-6920,3000,124607.166191
-7652,3000,124617.323007
-10824,3000,124627.093574
-5348,3000,124637.715549
-11612,3000,124648.083473
-6720,3000,124658.526068
-9712,3000,124668.3959
-8456,3000,124678.348791
-7900,3000,124688.068831
-8680,3000,124697.769309
-4752,3000,124708.106335
-11772,3000,124717.967138
-6704,3000,124727.990834
-10736,3000,124737.569196
-6572,3000,124747.126304
-9692,3000,124756.82108
-3524,3000,124766.507635
-12780,3000,124776.764417
-2504,3000,124786.929251
-2760,3000,124796.884785
276,3000,124807.118393
-15832,3000,124816.60966
-4596,3000,124826.568735
-8664,3000,124837.393872
-6700,3000,124847.314744
-9756,3000,124857.058831
-1888,3000,124867.133574
-9648,3000,124877.176097
-3820,3000,124887.394995
-12884,3000,124897.252203
-4900,3000,124907.34465
-16816,3000,124917.825606
-11888,3000,124927.832391
-11932,3000,124938.166252
-2784,3000,124948.296467
-6484,3000,124958.638369
-1632,3000,124968.534635
-6392,3000,124978.590172
-5720,3000,124988.691622
-11748,3000,124999.316734
-8536,3000,125009.36916
-5940,3000,125019.230082
-14640,3000,125029.103659
-4488,3000,125039.447318
-9772,3000,125049.919099
-13504,3000,125059.730097
-7820,3000,125070.274869
-10980,3000,125080.29681
-6752,3000,125090.258101
-6728,3000,125100.456434
-9108,3000,125110.271472
-5924,3000,125120.024032
-6544,3000,125129.735433
-10464,3000,125140.054696
-11784,3000,125149.776142
-11840,3000,125160.053794
-6912,3000,125170.101665
-9668,3000,125179.979982
-6736,3000,125190.191282
384,3000,125200.228074
-1836,3000,125210.166039
-10580,3000,125220.119726
-6752,3000,125230.201942
-9884,3000,125248.479093
-7980,3000,125258.163267
-8756,3000,125268.667788
-10620,3000,125278.111532
-7592,3000,125288.055684
-7748,3000,125298.384227
-6632,3000,125308.266861
-4556,3000,125318.289168
-14032,3000,125328.099346
-12552,3000,125338.428004
-12732,3000,125348.832004
-10576,3000,125358.114533
-7660,3000,125367.844171
-6896,3000,125377.246705
-11604,3000,125387.351027
-9696,3000,125397.91618
-13592,3000,125408.077155
-11604,3000,125418.138619
-4932,3000,125428.432386
-18848,3000,125438.534875
-8692,3000,125448.293552
-10728,3000,125458.000622
-7464,3000,125467.769906
-4624,3000,125477.730227
-3820,3000,125487.600219
-8584,3000,125497.682784
-8764,3000,125507.406046
-7912,3000,125516.815738
-10484,3000,125526.504832
-2748,3000,125536.670272
-11528,3000,125547.053053
-8780,3000,125557.444327
-6728,3000,125567.328459
-3744,3000,125577.251575
-3644,3000,125586.947164
-8688,3000,125596.919753
-9728,3000,125607.288881
-12528,3000,125617.56511
-14604,3000,125627.588356
-8688,3000,125637.277669
-9336,3000,125646.99782
-7052,3000,125656.898432
-5656,3000,125667.069222
-12624,3000,125676.782858
-3928,3000,125686.432188
-6636,3000,125696.415922
-9556,3000,125706.386802
-12600,3000,125716.542613
-7712,3000,125726.261532
-2716,3000,125735.844565
-5576,3000,125745.692405
-12732,3000,125755.153271
-3668,3000,125764.850798
-13768,3000,125774.915529
-8524,3000,125785.410542
-6396,3000,125795.609106
-4428,3000,125805.512511
-10624,3000,125815.556385
-7844,3000,125825.947871
-5616,3000,125836.086875
-8932,3000,125846.111341
-6796,3000,125856.117444
-5664,3000,125866.175718
-5836,3000,125876.324975
-8744,3000,125886.510269
-5772,3000,125896.482085
-16988,3000,125915.236027
-10552,3000,125925.283986
-2876,3000,125935.526498
-9684,3000,125945.742012
-7788,3000,125955.791703
-13632,3000,125965.740419
-3292,3000,125975.612067
-7816,3000,125985.370327
-4444,3000,125995.413323
-14428,3000,126005.363077
-7712,3000,126015.582021
-9920,3000,126025.59483
-15852,3000,126036.139047
-3528,3000,126046.65348
-11920,3000,126056.553659
-12664,3000,126066.450501
-9736,3000,126076.491571
-5760,3000,126086.617893
-8864,3000,126096.642181
-8856,3000,126106.982912
-9728,3000,126117.277325
-6512,3000,126127.107564
-10740,3000,126136.819713
-17420,3000,126146.833067
-8524,3000,126157.380269
-4740,3000,126167.068113
-10620,3000,126177.240073
-8624,3000,126187.347684
-7628,3000,126197.409305
-6548,3000,126207.451824
-6968,3000,126217.692939
-8776,3000,126227.717422
-10628,3000,126237.764426
-12572,3000,126247.800362
-1848,3000,126258.132794
-11480,3000,126267.971857
-10880,3000,126277.96606
-11728,3000,126287.948392
-13684,3000,126298.159302
-6896,3000,126307.848201
-13440,3000,126318.469907
-7584,3000,126328.650344
-7668,3000,126338.784376
-8768,3000,126348.568183
-3864,3000,126358.018044
-6700,3000,126368.240185
-16372,3000,126378.049219
-4556,3000,126388.405508
-7448,3000,126398.549232
-4416,3000,126408.27691
-13592,3000,126418.726725
-15616,3000,126429.315258
-3708,3000,126438.956005
-7496,3000,126448.934866
-2720,3000,126458.5511
-9404,3000,126468.343032
-9880,3000,126478.54202
-14596,3000,126488.347708
-4748,3000,126497.916936
-19776,3000,126508.203814
-8912,3000,126518.403662
-7984,3000,126528.296632
-8708,3000,126538.315778
-8852,3000,126548.076127
-12512,3000,126558.071339
-9028,3000,126567.258474
-15852,3000,126577.475335
-4996,3000,126595.114137
-4692,3000,126605.298764
-10960,3000,126615.109495
-12936,3000,126625.284243
-2708,3000,126634.951023
-7816,3000,126644.841003
-10484,3000,126655.121321
-3860,3000,126665.384294
-4736,3000,126675.341372
-12708,3000,126685.320453
-10528,3000,126695.482987
-11796,3000,126705.061579
-7488,3000,126715.333503
-9952,3000,126725.337501
-4540,3000,126735.195659
-6412,3000,126745.253325
-4756,3000,126755.219581
-13656,3000,126765.854815
-11748,3000,126775.715002
-12624,3000,126785.34822
-18656,3000,126795.117916
-7572,3000,126805.024527
-6452,3000,126814.909204
-12620,3000,126824.636336
-7616,3000,126834.113479
-10720,3000,126844.041854
-8028,3000,126853.809351
-7440,3000,126863.588396
-12664,3000,126874.315107
-1816,3000,126884.084183
-6628,3000,126894.418639
-4956,3000,126904.378478
-1748,3000,126914.09944
-8500,3000,126924.766209
-6956,3000,126934.538112
-7004,3000,126944.512594
-9804,3000,126954.18686
-12768,3000,126964.218053
-10384,3000,126974.503188
-10656,3000,126985.08122
-5748,3000,126994.689073
-13796,3000,127004.551894
-9700,3000,127014.705056
-6728,3000,127024.469233
-6184,3000,127034.377654
-5552,3000,127044.145583
-11912,3000,127054.012861
-7884,3000,127063.951268
-7976,3000,127073.97793
-11748,3000,127084.162363
-7524,3000,127093.920896
-5692,3000,127104.44959
-8700,3000,127114.478982
-2628,3000,127124.788047
-11904,3000,127134.589395
-7932,3000,127144.854899
-9676,3000,127154.939896
-6644,3000,127165.044503
-11828,3000,127175.490046
-7628,3000,127185.580728
-9824,3000,127195.827436
-6948,3000,127205.899513
-6700,3000,127216.271196
-7852,3000,127226.634441
-5652,3000,127236.648275
-15732,3000,127246.42823
-11828,3000,127256.430053
-8768,3000,127274.904008
-8732,3000,127284.776275
-3600,3000,127294.772696
-7840,3000,127304.654756
-8668,3000,127314.59956
-4656,3000,127324.705142
-2896,3000,127334.439757
-10800,3000,127344.735761
-4528,3000,127354.652955
-6580,3000,127364.513893
-11648,3000,127374.60866
-6540,3000,127384.31789
-6616,3000,127393.737343
-4748,3000,127403.802606
-15176,3000,127413.925438
-7456,3000,127423.949448
-3316,3000,127434.350633
-4504,3000,127444.373268
-3608,3000,127454.375365
-12860,3000,127464.260198
-2628,3000,127474.401139
-6536,3000,127484.698131
-4336,3000,127494.711337
-15844,3000,127505.107233
-7804,3000,127514.956559
-6668,3000,127525.257202
-11512,3000,127535.606404
-13816,3000,127545.857521
-13456,3000,127556.172443
-4768,3000,127566.076209
-7596,3000,127576.093342
-5576,3000,127585.905543
-7644,3000,127596.019452
-12832,3000,127606.340169
-10532,3000,127616.461466
-10424,3000,127626.831533
-7516,3000,127636.755809
-10672,3000,127647.215963
-12780,3000,127658.222962
-5660,3000,127668.599294
-4652,3000,127678.430943
-3552,3000,127688.418389
-7656,3000,127698.457854
-9808,3000,127708.749387
-5436,3000,127718.671263
-2484,3000,127728.915636
-10968,3000,127739.028201
-4060,3000,127748.967737
-12852,3000,127758.974601
-10864,3000,127769.195258
-19500,3000,127779.311813
-9576,3000,127789.244647
-3712,3000,127799.502176
-15868,3000,127809.479407
-8452,3000,127820.305416
-9612,3000,127830.33446
-10628,3000,127840.390841
-6604,3000,127850.570514
-7824,3000,127860.792879
-5704,3000,127870.577502
-8588,3000,127880.257445
-13768,3000,127890.165125
-13764,3000,127900.31267
-13748,3000,127910.351494
-6488,3000,127920.493065
-6696,3000,127930.248649
-4668,3000,127949.040594
-9408,3000,127959.148603
-4472,3000,127969.658256
-6600,3000,127979.293981
-1688,3000,127989.965998
-2908,3000,127999.924319
-14716,3000,128009.858456
-8788,3000,128020.06573
-7900,3000,128030.502753
-4620,3000,128040.518053
-16772,3000,128050.316607
-1724,3000,128060.27835
-13504,3000,128070.192918
-4448,3000,128080.644141
-4784,3000,128090.380542
-12668,3000,128100.091948
-844,3000,128109.93984
-12724,3000,128120.770548
-6624,3000,128130.873789
-7880,3000,128140.920967
-12908,3000,128150.511124
-10472,3000,128160.483066
-7716,3000,128170.63467
-5520,3000,128180.923369
-6636,3000,128191.285455
-6612,3000,128201.477633
-6664,3000,128211.362374
-11492,3000,128221.575897
-1508,3000,128231.647999
-11628,3000,128241.980748
-14764,3000,128251.896806
-9476,3000,128261.800673
-9636,3000,128272.065044
-2840,3000,128282.062333
-6788,3000,128292.147083
-5588,3000,128302.098057
1388,3000,128311.753885
-8880,3000,128321.596089
-1624,3000,128331.601327
-1556,3000,128341.694211
-5544,3000,128352.113904
-12880,3000,128361.871621
-12620,3000,128372.7598
-10840,3000,128382.620378
-3680,3000,128392.871069
-15968,3000,128403.196336
-8744,3000,128412.996047
-6560,3000,128422.845417
-7684,3000,128432.839818
-6708,3000,128443.150037
-10876,3000,128453.2547
-18856,3000,128463.412626
-7680,3000,128473.334271
-10488,3000,128483.210246
-13520,3000,128493.191196
-12812,3000,128503.306911
-14548,3000,128513.244953
-1908,3000,128523.27079
-4996,3000,128533.39805
-4952,3000,128543.786999
-13764,3000,128553.820512
-17624,3000,128563.908029
-8524,3000,128574.094573
-7696,3000,128584.725304
-4728,3000,128595.458981
-3852,3000,128605.151532
-6772,3000,128615.34692
-9608,3000,128633.744844
-4756,3000,128643.818059
-7032,3000,128653.838165
-11364,3000,128663.809882
-11656,3000,128673.885362
-8708,3000,128683.895853
-3532,3000,128693.946289
-14648,3000,128704.21765
-5852,3000,128714.463268
-8720,3000,128724.748326
-8752,3000,128735.220898
-7628,3000,128745.104045
-8724,3000,128755.479492
-9192,3000,128765.839099
-18884,3000,128776.06985
-6592,3000,128786.227553
-3744,3000,128795.70483
1104,3000,128805.534766
-13768,3000,128815.868747
-15668,3000,128826.183301
-11968,3000,128836.337958
-4696,3000,128846.487661
-8648,3000,128856.89314
-2580,3000,128866.96842
-8808,3000,128876.69983
-4432,3000,128886.592109
-2692,3000,128896.410682
-7612,3000,128906.250363
-15652,3000,128915.694265
-12364,3000,128925.65297
-10908,3000,128935.653769
-12780,3000,128945.599193
-7796,3000,128955.549248
-9444,3000,128965.337626
-7592,3000,128975.442178
-12616,3000,128985.46558
-17808,3000,128995.061255
-7960,3000,129005.216228
-9976,3000,129015.207074
-9996,3000,129025.411837
-3652,3000,129035.414141
-8844,3000,129045.398034
-6684,3000,129055.323144
-3744,3000,129065.352808
-6876,3000,129074.508824
-4376,3000,129084.288148
-6936,3000,129094.214848
-16928,3000,129104.463977
-9824,3000,129114.010503
-10920,3000,129123.889649
-12812,3000,129133.93839
-5252,3000,129144.034955
-9920,3000,129154.157864
-680,3000,129164.363398
-5576,3000,129174.623696
-10512,3000,129185.017582
-13808,3000,129194.64833
-8772,3000,129204.39182
-7828,3000,129214.474388
-3068,3000,129224.802945
-4744,3000,129235.095334
-10552,3000,129245.212444
-6752,3000,129255.529104
-10812,3000,129265.434992
-6808,3000,129275.879588
-17936,3000,129286.089701
-7856,3000,129296.304585
-16792,3000,129315.107399
-7636,3000,129324.671196
-1536,3000,129335.168282
-10460,3000,129345.422793
-16760,3000,129355.575895
-7828,3000,129365.263504
-8768,3000,129375.176141
-6848,3000,129385.153213
-3544,3000,129395.496986
-1592,3000,129404.882367
-9848,3000,129414.816648
-7792,3000,129424.894693
-3752,3000,129434.630175
-5824,3000,129445.196393
-10832,3000,129455.288504
-6380,3000,129465.423486
-1724,3000,129475.353454
-7712,3000,129485.443326
-9720,3000,129495.609031
-10004,3000,129505.480906
-12824,3000,129516.057361
-6864,3000,129526.116415
-6856,3000,129536.01453
-7716,3000,129546.20398
-11844,3000,129556.377521
-9776,3000,129566.213931
-12912,3000,129576.236917
-5476,3000,129586.213846
-3700,3000,129596.123395
-15708,3000,129606.188059
-1660,3000,129616.218014
-17060,3000,129626.525099
-888,3000,129636.369439
-9900,3000,129645.96762
-3404,3000,129656.40325
-7668,3000,129666.09374
-7900,3000,129676.433247
-7600,3000,129686.35329
-9700,3000,129696.398203
-10780,3000,129706.192155
-4980,3000,129716.179536
-8724,3000,129726.376853
-2828,3000,129736.158652
-11732,3000,129746.284156
-3648,3000,129755.978678
-7980,3000,129765.915491
-3520,3000,129776.055336
-5836,3000,129785.868503
-1616,3000,129795.739584
-10716,3000,129806.046001
-11932,3000,129816.493108
-10776,3000,129826.651329
-4608,3000,129836.705238
-5688,3000,129846.494749
-10728,3000,129856.442739
-5916,3000,129866.523401
-7832,3000,129876.261103
-7668,3000,129886.276628
-4556,3000,129896.399078
-6908,3000,129905.856547
-4700,3000,129915.95083
-10612,3000,129925.650952
224,3000,129936.121263
-10444,3000,129946.587065
-10792,3000,129956.832876
-9624,3000,129967.415322
-13696,3000,129986.078663
-9456,3000,129996.26367
-4584,3000,130006.061244
-6988,3000,130016.512352
-12692,3000,130026.422321
-6628,3000,130036.478468
-12800,3000,130046.477195
-4624,3000,130057.212308
-7416,3000,130067.418426
-14588,3000,130077.723042
-6028,3000,130087.578669
-10672,3000,130097.657973
-10640,3000,130107.630046
-7036,3000,130117.116184
-4872,3000,130126.925229
-7756,3000,130136.832307
-4664,3000,130146.895069
-3492,3000,130157.009258
-10640,3000,130167.328361
-2792,3000,130177.04738
-9876,3000,130187.490902
-16724,3000,130197.80145
-4708,3000,130207.795691
-11948,3000,130217.912008
-9732,3000,130227.514661
-4944,3000,130236.88812
-5664,3000,130246.797214
-2764,3000,130257.030769
-1796,3000,130267.233296
-7684,3000,130277.585833
-7844,3000,130287.449526
-11780,3000,130297.479135
-18744,3000,130307.439827
-6536,3000,130317.218195
-8532,3000,130327.544659
-23832,3000,130338.015213
-7020,3000,130347.538296
-4492,3000,130357.654756
-10372,3000,130367.694325
-10948,3000,130377.72023
-10800,3000,130388.101269
-5632,3000,130398.087661
-6812,3000,130408.097408
-5864,3000,130417.954801
-8636,3000,130428.043214
-12924,3000,130438.589992
-748,3000,130448.17623
-8604,3000,130458.036814
-16844,3000,130468.03029
-3556,3000,130477.728308
-5556,3000,130487.875298
-5476,3000,130498.065953
-16756,3000,130508.257969
-4664,3000,130518.421031
2144,3000,130528.59099
-12520,3000,130538.981772
-10888,3000,130549.176693
-9504,3000,130559.249432
-8680,3000,130569.657526
-8636,3000,130579.349404
-9764,3000,130588.855369
-9752,3000,130598.94798
-6612,3000,130608.977358
-6568,3000,130618.740023
-4528,3000,130629.616095
-11940,3000,130639.477083
-6696,3000,130648.888068
-10656,3000,130667.273191
-11740,3000,130677.480368
-17716,3000,130687.753464
-11720,3000,130697.423242
-10640,3000,130707.560268
-880,3000,130717.54955
-2516,3000,130727.176584
-15704,3000,130737.212009
-10712,3000,130747.469232
-11500,3000,130757.274071
-5784,3000,130767.394055
-12624,3000,130777.274257
52,3000,130787.26368
-11912,3000,130797.711236
-10608,3000,130807.325692
-8756,3000,130817.696363
-12564,3000,130827.890809
-4516,3000,130837.757709
-9768,3000,130848.027038
-10812,3000,130857.765584
-5696,3000,130867.927376
-3836,3000,130877.621754
-11696,3000,130887.873885
-10384,3000,130897.949007
-6552,3000,130908.096241
-4412,3000,130918.252622
-11676,3000,130928.486502
-8868,3000,130939.289613
-3924,3000,130949.407433
-13696,3000,130959.739924
-7476,3000,130970.044282
-5480,3000,130980.211515
-1476,3000,130989.984254
-10860,3000,131000.221171
-2648,3000,131010.089657
-9416,3000,131020.145575
-8780,3000,131030.075155
-4572,3000,131040.129327
-10432,3000,131050.441061
-5592,3000,131060.663949
-5660,3000,131070.655775
-17660,3000,131080.311111
-2444,3000,131090.073681
-16492,3000,131100.952231
-14996,3000,131110.675214
-6604,3000,131120.645863
516,3000,131131.015725
-10664,3000,131141.506783
-3696,3000,131151.513389
-16028,3000,131161.464361
-14788,3000,131171.493706
-4660,3000,131181.2841
-2812,3000,131191.259791
-13908,3000,131200.995245
-5004,3000,131211.331412
-11724,3000,131221.529144
-8740,3000,131231.958762
-6864,3000,131242.277119
-1444,3000,131252.408271
-14592,3000,131262.270836
-10976,3000,131271.656065
-7628,3000,131281.457954
-6516,3000,131291.228434
-4300,3000,131301.38675
-9940,3000,131311.546963
-11896,3000,131321.247112
-2656,3000,131331.135839
-11676,3000,131349.857844
-5884,3000,131359.684952
-5608,3000,131369.510285
-14680,3000,131379.850498
-8668,3000,131389.400517
-7872,3000,131399.102533
-16568,3000,131408.779971
-9524,3000,131418.2825
-11896,3000,131428.47369
-1516,3000,131438.189075
-12724,3000,131448.31612
-4516,3000,131458.311324
-9948,3000,131468.261496
-10788,3000,131478.743104
-11752,3000,131488.695252
-14452,3000,131498.599471
-11272,3000,131508.728494
-5704,3000,131518.471703
-9776,3000,131528.234391
-14956,3000,131538.156722
-9636,3000,131548.28437
-12740,3000,131558.278076
-3436,3000,131568.400887
-6784,3000,131578.455542
-10812,3000,131588.063771
-8712,3000,131598.374474
-10732,3000,131608.432256
-12556,3000,131618.654944
-6700,3000,131628.667542
-7724,3000,131638.77865
-7692,3000,131648.933878
-6452,3000,131659.153825
-13760,3000,131669.499323
-6720,3000,131679.418848
-9616,3000,131689.582107
-16868,3000,131699.36568
-10736,3000,131709.695651
-7680,3000,131719.625797
-10828,3000,131729.665505
-4328,3000,131739.462602
-12752,3000,131749.837731
-4548,3000,131759.510194
-10720,3000,131769.785503
-7524,3000,131779.791053
-4340,3000,131790.127334
-3924,3000,131799.991417
-9500,3000,131810.299841
-11664,3000,131820.008493
-13660,3000,131829.937406
-9544,3000,131840.161085
-5672,3000,131850.296365
-10700,3000,131860.195818
-2456,3000,131870.300289
-4564,3000,131880.954583
-7948,3000,131890.79725
-9752,3000,131901.052874
-10692,3000,131911.175594
-12756,3000,131921.165584
-7768,3000,131931.198184
-10024,3000,131941.00444
-12772,3000,131951.29982
-17452,3000,131961.518996
-13392,3000,131971.507035
-9856,3000,131981.278148
-1544,3000,131991.603665
-6844,3000,132001.682025
-10572,3000,132020.38078
-18576,3000,132031.168381
-6664,3000,132040.847921
-8644,3000,132050.397033
-11872,3000,132060.267212
-13904,3000,132070.369962
-8808,3000,132080.766147
-7524,3000,132091.059241
-10532,3000,132101.148674
-9544,3000,132111.354501
-7816,3000,132120.953192
-10720,3000,132130.291335
-9456,3000,132140.989783
-10632,3000,132150.853577
-13636,3000,132160.737212
-15376,3000,132171.096215
-8576,3000,132181.142554
-9764,3000,132191.244662
-9548,3000,132201.37202
-8428,3000,132211.261482
-10816,3000,132221.513212
-6420,3000,132231.930885
-1764,3000,132242.286165
-3712,3000,132253.00374
-5508,3000,132262.961352
-2728,3000,132272.474392
-10736,3000,132282.386037
-6660,3000,132292.769909
-13836,3000,132303.063704
-15956,3000,132313.618134
-6624,3000,132323.73813
-14920,3000,132333.938708
-4964,3000,132343.749724
-15216,3000,132354.167638
-6864,3000,132363.832667
-2740,3000,132373.572793
-6668,3000,132383.48585
-6592,3000,132393.654134
-21616,3000,132403.554538
-10572,3000,132413.328609
-7412,3000,132423.360657
-2668,3000,132433.153931
-12728,3000,132442.847459
-3600,3000,132452.707265
-3460,3000,132462.178054
-964,3000,132472.091437
1260,3000,132481.888836
212,3000,132491.585315
-11464,3000,132501.566755
-1668,3000,132511.575558
-1456,3000,132521.226651
-7292,3000,132531.363793
-9624,3000,132541.499303
-13844,3000,132551.790505
-7648,3000,132562.380857
-11120,3000,132572.133673
-8780,3000,132581.87135
-9504,3000,132591.84139
-13940,3000,132601.686692
-11876,3000,132611.670146
-7532,3000,132622.395917
-10564,3000,132633.128522
-8588,3000,132642.963179
-8712,3000,132652.746485
1224,3000,132662.419931
-9436,3000,132672.869654
-6824,3000,132682.689327
-10488,3000,132701.565987
-9672,3000,132711.263196
-9656,3000,132721.20401
-5744,3000,132731.557614
-7860,3000,132741.142591
-9472,3000,132751.060443
-7648,3000,132761.239121
-4684,3000,132771.819601
-5616,3000,132782.33647
-11476,3000,132792.539974
-1736,3000,132802.833954
-8732,3000,132812.673939
-12260,3000,132823.02712
-3412,3000,132832.941649
-20580,3000,132843.217583
-14548,3000,132853.435127
-6588,3000,132863.659178
-11604,3000,132873.976673
-12856,3000,132884.2493
-7504,3000,132894.706499
-11772,3000,132905.172277
-8888,3000,132915.409065
-5776,3000,132925.221324
-2408,3000,132935.594944
-6480,3000,132946.018928
-11652,3000,132956.256101
-13752,3000,132966.649515
-8628,3000,132977.106733
-6308,3000,132987.262634
-3716,3000,132996.754994
-11824,3000,133007.237132
-8880,3000,133017.65744
-10656,3000,133027.461594
-7596,3000,133037.752696
-7624,3000,133048.133274
-5708,3000,133058.139629
-7820,3000,133067.494462
-9684,3000,133077.818212
-5836,3000,133087.721117
-7892,3000,133097.79098
-3816,3000,133107.948256
-11520,3000,133118.416615
-5708,3000,133128.505874
-10796,3000,133138.62095
-7472,3000,133148.793924
-7692,3000,133158.856199
-13620,3000,133168.941745
-9728,3000,133179.092215
-8392,3000,133189.455147
-7684,3000,133199.26455
-5004,3000,133208.794526
-6580,3000,133218.342923
-6948,3000,133228.349067
-8300,3000,133238.266162
-6788,3000,133248.001579
-3648,3000,133257.957995
-5540,3000,133268.309932
-6712,3000,133277.958896
-5476,3000,133288.092226
-7660,3000,133298.484833
-3544,3000,133309.049932
-5540,3000,133319.23948
-516,3000,133329.480938
-11556,3000,133340.106812
-9692,3000,133350.222024
-6820,3000,133360.9494
-10004,3000,133371.350606
-8676,3000,133389.870395
-7744,3000,133399.929611
-5740,3000,133409.633633
-11664,3000,133419.570853
-12604,3000,133429.899505
-9408,3000,133440.173714
-10812,3000,133450.844549
-7776,3000,133460.78269
-10428,3000,133471.128299
-18660,3000,133481.072275
-7592,3000,133491.098883
-7840,3000,133501.62539
-11500,3000,133511.490866
-12608,3000,133521.695627
-6664,3000,133531.736339
-6564,3000,133541.539398
-11448,3000,133551.484151
-10484,3000,133561.890941
-8524,3000,133572.11704
-8640,3000,133582.752186
-4572,3000,133592.438168
-7488,3000,133602.600542
-8976,3000,133612.333363
-2760,3000,133622.155768
-11652,3000,133631.687272
-2684,3000,133641.606467
-10776,3000,133652.43651
-4908,3000,133662.348559
-14768,3000,133672.706363
-14660,3000,133682.585356
-7960,3000,133692.49858
-2532,3000,133702.371045
-5904,3000,133712.320762
-8580,3000,133722.571439
-13676,3000,133732.129141
-5520,3000,133742.17081
-7720,3000,133752.30338
-5760,3000,133762.746109
-14812,3000,133773.169947
-764,3000,133783.146704
-7540,3000,133793.005238
-15876,3000,133803.712452
-16796,3000,133813.73571
-8088,3000,133823.555604
-6532,3000,133833.90129
-14684,3000,133843.901024
-6712,3000,133853.99307
-9188,3000,133863.733129
-21956,3000,133873.224761
-10792,3000,133882.798129
-5540,3000,133892.591924
-5560,3000,133902.940577
-5648,3000,133913.214887
-16528,3000,133923.065928
688,3000,133932.951659
-2580,3000,133942.796546
1304,3000,133952.638887
-9544,3000,133962.791139
-4920,3000,133972.898822
-16728,3000,133982.734429
-11864,3000,133992.79911
-5660,3000,134002.8168
-11560,3000,134013.555836
-9760,3000,134023.508099
-8544,3000,134033.747353
-692,3000,134044.288866
-16040,3000,134062.929148
-2376,3000,134073.227521
-2444,3000,134083.010527
-5636,3000,134093.278926
-9696,3000,134103.730385
-10808,3000,134113.70234
-6424,3000,134123.476315
-10724,3000,134133.692494
-5688,3000,134143.620259
-7668,3000,134153.657987
188,3000,134163.755418
-11576,3000,134173.607522
-6884,3000,134183.671938
-16740,3000,134193.549902
-8632,3000,134203.274825
-10560,3000,134213.530301
-7980,3000,134223.531867
-9212,3000,134233.919172
-7444,3000,134243.849264
-11504,3000,134253.878162
-13524,3000,134264.152415
-8952,3000,134273.818235
-8692,3000,134283.978148
-6532,3000,134294.001364
-9532,3000,134304.421981
-456,3000,134314.425716
-2716,3000,134324.117564
-9548,3000,134334.039444
-7784,3000,134343.860239
-3632,3000,134354.102491
-6756,3000,134363.723173
-13364,3000,134373.894512
-6720,3000,134383.924232
-12816,3000,134394.090917
-5920,3000,134403.757437
-6616,3000,134413.368022
-13628,3000,134423.239421
-8816,3000,134433.202869
-12368,3000,134443.291674
-9724,3000,134453.211576
-11648,3000,134463.283929
-8660,3000,134473.117265
-4796,3000,134483.395934
-8552,3000,134493.315207
-5664,3000,134503.114898
-7672,3000,134512.990038
-10624,3000,134522.910372
-7572,3000,134532.67361
-10568,3000,134543.057867
-8908,3000,134553.100433
-9616,3000,134563.067275
-12928,3000,134573.142059
-6444,3000,134582.967303
-11616,3000,134592.886859
-4384,3000,134602.860422
-5416,3000,134613.084474
-4624,3000,134623.063008
-15612,3000,134633.035372
-12792,3000,134642.901206
-9128,3000,134652.709008
-5652,3000,134662.787132
-6828,3000,134672.817747
-9880,3000,134682.991717
-6124,3000,134692.807037
-15740,3000,134703.358641
-10408,3000,134713.127104
-5748,3000,134723.066546
7588,3000,134744.077976
7716,3000,134752.925869
7404,3000,134761.566464
7304,3000,134770.712032
7328,3000,134779.285116
